256 256 0.025600
362 362 0.009216
443 443 0.013344
512 512 0.017408
572 572 0.022560
627 627 0.027680
677 677 0.034816
724 724 0.037920
768 768 0.039936
809 809 0.051168
849 849 0.053216
886 886 0.057344
923 923 0.064544
957 957 0.072672
991 991 0.076800
1024 1024 0.080864
1055 1055 0.090144
1086 1086 0.100320
1115 1115 0.104448
1144 1144 0.116736
1173 1173 0.126944
1200 1200 0.137216
1227 1227 0.143360
1254 1254 0.151552
1280 1280 0.157728
1305 1305 0.167904
1330 1330 0.173056
1354 1354 0.187360
1378 1378 0.194528
1402 1402 0.201696
1425 1425 0.205824
1448 1448 0.216096
1470 1470 0.226304
1492 1492 0.229376
1514 1514 0.240640
1536 1536 0.240640
1557 1557 0.250880
1578 1578 0.256000
1598 1598 0.259072
1619 1619 0.269344
1639 1639 0.274432
1659 1659 0.283648
1678 1678 0.290816
1698 1698 0.295936
1717 1717 0.303136
1736 1736 0.312320
1755 1755 0.316416
1773 1773 0.323616
1792 1792 0.327712
1810 1810 0.334880
1828 1828 0.337952
1846 1846 0.354304
1863 1863 0.360416
1881 1881 0.364576
1898 1898 0.372768
1915 1915 0.379936
1932 1932 0.388064
1949 1949 0.393184
1966 1966 0.402464
1982 1982 0.401408
1999 1999 0.402432
2015 2015 0.412640
2031 2031 0.415744
2048 2048 0.414752
2063 2063 0.427040
2079 2079 0.434176
2095 2095 0.438304
2111 2111 0.444416
2126 2126 0.456704
2141 2141 0.461792
2157 2157 0.465952
2172 2172 0.473120
2187 2187 0.479232
2202 2202 0.485376
2217 2217 0.493536
2231 2231 0.505824
2246 2246 0.509920
2260 2260 0.512992
2275 2275 0.519168
2289 2289 0.524288
2304 2304 0.535584
2318 2318 0.540704
2332 2332 0.543744
2346 2346 0.551904
2360 2360 0.561184
2374 2374 0.573440
2387 2387 0.570336
2401 2401 0.576480
2415 2415 0.589824
2428 2428 0.591872
2442 2442 0.606208
2455 2455 0.607232
2468 2468 0.613344
2482 2482 0.619520
2495 2495 0.623616
2508 2508 0.632832
2521 2521 0.633888
2534 2534 0.645120
2547 2547 0.648160
2560 2560 0.653312
2572 2572 0.659488
2585 2585 0.669696
2598 2598 0.677920
2610 2610 0.687072
2623 2623 0.697344
2635 2635 0.698400
2648 2648 0.710688
2660 2660 0.709632
2672 2672 0.715776
2684 2684 0.732160
2697 2697 0.731168
2709 2709 0.744416
2721 2721 0.748544
2733 2733 0.756736
2745 2745 0.763936
2757 2757 0.763904
2769 2769 0.773152
2780 2780 0.778208
2792 2792 0.786464
2804 2804 0.790528
2816 2816 0.798720
2827 2827 0.800768
2839 2839 0.808992
2850 2850 0.821216
2862 2862 0.826336
2873 2873 0.832544
2884 2884 0.833536
2896 2896 0.840704
2907 2907 0.850944
2918 2918 0.855040
2930 2930 0.863232
2941 2941 0.871424
2952 2952 0.879584
2963 2963 0.871392
2974 2974 0.883712
2985 2985 0.881632
2996 2996 0.885792
3007 3007 0.899040
3018 3018 0.902144
3029 3029 0.907296
3039 3039 0.914464
3050 3050 0.918528
3061 3061 0.926688
3072 3072 0.926752
3082 3082 0.940032
3093 3093 0.950304
3103 3103 0.954368
3114 3114 0.961504
3124 3124 0.960544
3135 3135 0.969760
3145 3145 0.977888
3156 3156 0.984064
3166 3166 0.990176
3176 3176 0.993280
3187 3187 1.009632
3197 3197 1.018880
3207 3207 1.021952
3217 3217 1.029120
3228 3228 1.035264
3238 3238 1.038368
3248 3248 1.049600
3258 3258 1.055744
3268 3268 1.055712
3278 3278 1.064928
3288 3288 1.069056
3298 3298 1.080288
3308 3308 1.092640
3318 3318 1.097728
3328 3328 1.102848
3337 3337 1.110016
3347 3347 1.115168
3357 3357 1.130528
3367 3367 1.142784
3376 3376 1.138656
3386 3386 1.147936
3396 3396 1.153024
3405 3405 1.162208
3415 3415 1.171424
3425 3425 1.172512
3434 3434 1.175552
3444 3444 1.199104
3453 3453 1.198112
3463 3463 1.198080
3472 3472 1.200128
3481 3481 1.205216
3491 3491 1.215488
3500 3500 1.218528
3510 3510 1.231872
3519 3519 1.237984
3528 3528 1.235968
3537 3537 1.245184
3547 3547 1.250304
3556 3556 1.252352
3565 3565 1.265632
3574 3574 1.270752
3584 3584 1.280992
3593 3593 1.286176
3602 3602 1.286144
3611 3611 1.292288
3620 3620 1.299424
3629 3629 1.310688
3638 3638 1.317888
3647 3647 1.327104
3656 3656 1.325056
3665 3665 1.335328
3674 3674 1.347584
3683 3683 1.350656
3692 3692 1.365984
3700 3700 1.369056
3709 3709 1.374176
3718 3718 1.379296
3727 3727 1.387520
3736 3736 1.399840
3744 3744 1.403904
3753 3753 1.401856
3762 3762 1.405952
3771 3771 1.421344
3779 3779 1.424416
3788 3788 1.430496
3797 3797 1.435648
3805 3805 1.440800
3814 3814 1.455104
3822 3822 1.459200
3831 3831 1.468416
3840 3840 1.467424
3848 3848 1.472480
3857 3857 1.487872
3865 3865 1.502176
3873 3873 1.502176
3882 3882 1.512448
3890 3890 1.515552
3899 3899 1.513472
3907 3907 1.516544
3916 3916 1.529856
3924 3924 1.530880
3932 3932 1.539072
3941 3941 1.553408
3949 3949 1.537024
3957 3957 1.531904
3965 3965 1.544192
3974 3974 1.554432
3982 3982 1.572864
3990 3990 1.577984
3998 3998 1.582080
4007 4007 1.592320
4015 4015 1.603584
4023 4023 1.610752
4031 4031 1.606656
4039 4039 1.615872
4047 4047 1.633280
4055 4055 1.634304
4063 4063 1.636352
4071 4071 1.639424
4079 4079 1.655808
4087 4087 1.658880
4096 4096 1.654784
