0 256 256 0.032768
0 362 362 0.046080
0 443 443 0.061408
0 512 512 0.077824
0 572 572 0.096224
0 627 627 0.113696
0 677 677 0.130080
0 724 724 0.147424
0 768 768 0.164896
0 809 809 0.183296
0 849 849 0.207872
0 886 886 0.226336
0 923 923 0.251904
0 957 957 0.271360
0 991 991 0.289792
0 1024 1024 0.310304
0 1055 1055 0.327648
0 1086 1086 0.345088
0 1115 1115 0.365600
0 1144 1144 0.386048
0 1173 1173 0.404512
0 1200 1200 0.420864
0 1227 1227 0.437248
0 1254 1254 0.456736
0 1280 1280 0.475168
0 1305 1305 0.492544
0 1330 1330 0.510944
0 1354 1354 0.527360
0 1378 1378 0.546816
0 1402 1402 0.563232
0 1425 1425 0.584672
0 1448 1448 0.599040
0 1470 1470 0.615424
0 1492 1492 0.635872
0 1514 1514 0.653312
0 1536 1536 0.668704
0 1557 1557 0.690176
0 1578 1578 0.703488
0 1598 1598 0.722944
0 1619 1619 0.738304
0 1639 1639 0.758816
0 1659 1659 0.778240
0 1678 1678 0.795680
0 1698 1698 0.816160
0 1717 1717 0.833536
0 1736 1736 0.848864
0 1755 1755 0.865280
0 1773 1773 0.884736
0 1792 1792 0.898080
0 1810 1810 0.915456
0 1828 1828 0.931840
0 1846 1846 0.949280
0 1863 1863 0.964640
0 1881 1881 0.984064
0 1898 1898 1.002528
0 1915 1915 1.019872
0 1932 1932 1.036288
0 1949 1949 1.057792
0 1966 1966 1.077216
0 1982 1982 1.091552
0 1999 1999 1.108000
0 2015 2015 1.126368
0 2031 2031 1.144832
0 2048 2048 1.158176
0 2063 2063 1.181664
0 2079 2079 1.191904
0 2095 2095 1.210368
0 2111 2111 1.228800
0 2126 2126 1.247232
0 2141 2141 1.259520
0 2157 2157 1.285120
0 2172 2172 1.299456
0 2187 2187 1.312768
0 2202 2202 1.335296
0 2217 2217 1.350656
0 2231 2231 1.368064
0 2246 2246 1.387520
0 2260 2260 1.401856
0 2275 2275 1.422304
0 2289 2289 1.441760
0 2304 2304 1.456128
0 2318 2318 1.471456
0 2332 2332 1.487872
0 2346 2346 1.505280
0 2360 2360 1.524768
0 2374 2374 1.542112
0 2387 2387 1.556448
0 2401 2401 1.576960
0 2415 2415 1.594336
0 2428 2428 1.608704
0 2442 2442 1.628192
0 2455 2455 1.645600
0 2468 2468 1.660928
0 2482 2482 1.681440
0 2495 2495 1.699808
0 2508 2508 1.714176
0 2521 2521 1.731584
0 2534 2534 1.749984
0 2547 2547 1.767456
0 2560 2560 1.787936
0 2572 2572 1.802208
0 2585 2585 1.818624
0 2598 2598 1.837056
0 2610 2610 1.857536
0 2623 2623 1.873888
0 2635 2635 1.885184
0 2648 2648 1.905664
0 2660 2660 1.920000
0 2672 2672 1.935360
0 2684 2684 1.956864
0 2697 2697 1.975328
0 2709 2709 1.991712
0 2721 2721 2.008064
0 2733 2733 2.027552
0 2745 2745 2.043872
0 2757 2757 2.065408
0 2769 2769 2.084864
0 2780 2780 2.096128
0 2792 2792 2.114592
0 2804 2804 2.136064
0 2816 2816 2.152416
0 2827 2827 2.164704
0 2839 2839 2.187296
0 2850 2850 2.205696
0 2862 2862 2.224128
0 2873 2873 2.240512
0 2884 2884 2.254880
0 2896 2896 2.273248
0 2907 2907 2.283488
0 2918 2918 2.309120
0 2930 2930 2.327584
0 2941 2941 2.344928
0 2952 2952 2.359264
0 2963 2963 2.377728
0 2974 2974 2.396160
0 2985 2985 2.417664
0 2996 2996 2.434048
0 3007 3007 2.451456
0 3018 3018 2.463776
0 3029 3029 2.487264
0 3039 3039 2.502656
0 3050 3050 2.519040
0 3061 3061 2.536416
0 3072 3072 2.556896
0 3082 3082 2.569184
0 3093 3093 2.590688
0 3103 3103 2.607136
0 3114 3114 2.623488
0 3124 3124 2.642944
0 3135 3135 2.665440
0 3145 3145 2.675712
0 3156 3156 2.694176
0 3166 3166 2.712576
0 3176 3176 2.727904
0 3187 3187 2.750464
0 3197 3197 2.764800
0 3207 3207 2.777088
0 3217 3217 2.792448
0 3228 3228 2.814944
0 3238 3238 2.828288
0 3248 3248 2.846720
0 3258 3258 2.860000
0 3268 3268 2.880512
0 3278 3278 2.894848
0 3288 3288 2.913312
0 3298 3298 2.934784
0 3308 3308 2.948096
0 3318 3318 2.970624
0 3328 3328 2.985952
0 3337 3337 2.999328
0 3347 3347 3.013632
0 3357 3357 3.036128
0 3367 3367 3.054560
0 3376 3376 3.072992
0 3386 3386 3.088352
0 3396 3396 3.105824
0 3405 3405 3.032064
0 3415 3415 3.050496
0 3425 3425 3.065856
0 3434 3434 3.078144
0 3444 3444 3.101696
0 3453 3453 3.120128
0 3463 3463 3.130368
0 3472 3472 3.147776
0 3481 3481 3.130368
0 3491 3491 3.103744
0 3500 3500 3.115008
0 3510 3510 3.143680
0 3519 3519 3.158016
0 3528 3528 3.167232
0 3537 3537 3.193856
0 3547 3547 3.212288
0 3556 3556 3.220480
0 3565 3565 3.236864
0 3574 3574 3.267584
0 3584 3584 3.275776
0 3593 3593 3.291136
0 3602 3602 3.305472
0 3611 3611 3.318784
0 3620 3620 3.343360
0 3629 3629 3.354624
0 3638 3638 3.376128
0 3647 3647 3.395584
0 3656 3656 3.408896
0 3665 3665 3.426304
0 3674 3674 3.444736
0 3683 3683 3.470336
0 3692 3692 3.490816
0 3700 3700 3.507200
0 3709 3709 3.526656
0 3718 3718 3.531776
0 3727 3727 3.546112
0 3736 3736 3.560448
0 3744 3744 3.584000
0 3753 3753 3.599360
0 3762 3762 3.619840
0 3771 3771 3.635200
0 3779 3779 3.648512
0 3788 3788 3.660800
0 3797 3797 3.687424
0 3805 3805 3.697664
0 3814 3814 3.713024
0 3822 3822 3.725312
0 3831 3831 3.745792
0 3840 3840 3.761152
0 3848 3848 3.766272
0 3857 3857 3.796992
0 3865 3865 3.814400
0 3873 3873 3.826688
0 3882 3882 3.846144
0 3890 3890 3.862528
0 3899 3899 3.887104
0 3907 3907 3.897344
0 3916 3916 3.908608
0 3924 3924 3.929088
0 3932 3932 3.948544
0 3941 3941 3.961856
0 3949 3949 3.984384
0 3957 3957 4.008960
0 3965 3965 4.028416
0 3974 3974 4.026368
0 3982 3982 4.033536
0 3990 3990 4.069376
0 3998 3998 4.084736
0 4007 4007 4.097024
0 4015 4015 4.116480
0 4023 4023 4.129792
0 4031 4031 4.142080
0 4039 4039 4.157440
0 4047 4047 4.175872
0 4055 4055 4.190208
0 4063 4063 4.206592
0 4071 4071 4.226048
0 4079 4079 4.242432
0 4087 4087 4.260864
0 4096 4096 4.274176
1 256 256 0.010240
1 362 362 0.015360
1 443 443 0.017408
1 512 512 0.021504
1 572 572 0.024576
1 627 627 0.029696
1 677 677 0.032768
1 724 724 0.037888
1 768 768 0.041984
1 809 809 0.045056
1 849 849 0.051200
1 886 886 0.053248
1 923 923 0.057344
1 957 957 0.061440
1 991 991 0.065536
1 1024 1024 0.069632
1 1055 1055 0.072704
1 1086 1086 0.077824
1 1115 1115 0.081920
1 1144 1144 0.084992
1 1173 1173 0.089088
1 1200 1200 0.093184
1 1227 1227 0.096256
1 1254 1254 0.105472
1 1280 1280 0.104448
1 1305 1305 0.107520
1 1330 1330 0.111616
1 1354 1354 0.115712
1 1378 1378 0.119808
1 1402 1402 0.122880
1 1425 1425 0.128000
1 1448 1448 0.132096
1 1470 1470 0.135168
1 1492 1492 0.139264
1 1514 1514 0.143360
1 1536 1536 0.146432
1 1557 1557 0.149504
1 1578 1578 0.154624
1 1598 1598 0.157696
1 1619 1619 0.161792
1 1639 1639 0.165888
1 1659 1659 0.169984
1 1678 1678 0.173056
1 1698 1698 0.177152
1 1717 1717 0.181248
1 1736 1736 0.183296
1 1755 1755 0.188416
1 1773 1773 0.191488
1 1792 1792 0.195584
1 1810 1810 0.199680
1 1828 1828 0.203776
1 1846 1846 0.207872
1 1863 1863 0.210944
1 1881 1881 0.215040
1 1898 1898 0.218112
1 1915 1915 0.223232
1 1932 1932 0.225280
1 1949 1949 0.230400
1 1966 1966 0.233472
1 1982 1982 0.237568
1 1999 1999 0.241664
1 2015 2015 0.245760
1 2031 2031 0.247808
1 2048 2048 0.251904
1 2063 2063 0.256000
1 2079 2079 0.260096
1 2095 2095 0.264192
1 2111 2111 0.271360
1 2126 2126 0.271360
1 2141 2141 0.273408
1 2157 2157 0.278528
1 2172 2172 0.282624
1 2187 2187 0.287744
1 2202 2202 0.290816
1 2217 2217 0.293888
1 2231 2231 0.296960
1 2246 2246 0.301056
1 2260 2260 0.306176
1 2275 2275 0.308224
1 2289 2289 0.312320
1 2304 2304 0.314368
1 2318 2318 0.318464
1 2332 2332 0.324608
1 2346 2346 0.327680
1 2360 2360 0.330752
1 2374 2374 0.335872
1 2387 2387 0.338944
1 2401 2401 0.342016
1 2415 2415 0.347136
1 2428 2428 0.350208
1 2442 2442 0.353280
1 2455 2455 0.356352
1 2468 2468 0.359424
1 2482 2482 0.365568
1 2495 2495 0.367616
1 2508 2508 0.371712
1 2521 2521 0.376832
1 2534 2534 0.379904
1 2547 2547 0.382976
1 2560 2560 0.388096
1 2572 2572 0.390144
1 2585 2585 0.394240
1 2598 2598 0.397312
1 2610 2610 0.402432
1 2623 2623 0.405504
1 2635 2635 0.410624
1 2648 2648 0.412672
1 2660 2660 0.422912
1 2672 2672 0.423936
1 2684 2684 0.424960
1 2697 2697 0.428032
1 2709 2709 0.428032
1 2721 2721 0.435200
1 2733 2733 0.439296
1 2745 2745 0.442368
1 2757 2757 0.447488
1 2769 2769 0.451584
1 2780 2780 0.454656
1 2792 2792 0.458752
1 2804 2804 0.460800
1 2816 2816 0.471040
1 2827 2827 0.466944
1 2839 2839 0.474112
1 2850 2850 0.476160
1 2862 2862 0.480256
1 2873 2873 0.484352
1 2884 2884 0.487424
1 2896 2896 0.490496
1 2907 2907 0.495616
1 2918 2918 0.499712
1 2930 2930 0.503808
1 2941 2941 0.506880
1 2952 2952 0.509952
1 2963 2963 0.514048
1 2974 2974 0.519168
1 2985 2985 0.520192
1 2996 2996 0.524288
1 3007 3007 0.529408
1 3018 3018 0.532480
1 3029 3029 0.536576
1 3039 3039 0.539648
1 3050 3050 0.543744
1 3061 3061 0.547840
1 3072 3072 0.549888
1 3082 3082 0.552960
1 3093 3093 0.556032
1 3103 3103 0.559104
1 3114 3114 0.564224
1 3124 3124 0.568320
1 3135 3135 0.572416
1 3145 3145 0.575488
1 3156 3156 0.580608
1 3166 3166 0.584704
1 3176 3176 0.586752
1 3187 3187 0.591872
1 3197 3197 0.593920
1 3207 3207 0.600064
1 3217 3217 0.603136
1 3228 3228 0.604160
1 3238 3238 0.609280
1 3248 3248 0.612352
1 3258 3258 0.617472
1 3268 3268 0.620544
1 3278 3278 0.624640
1 3288 3288 0.627712
1 3298 3298 0.631808
1 3308 3308 0.635904
1 3318 3318 0.638976
1 3328 3328 0.644096
1 3337 3337 0.645120
1 3347 3347 0.648192
1 3357 3357 0.651264
1 3367 3367 0.658432
1 3376 3376 0.661504
1 3386 3386 0.664576
1 3396 3396 0.668672
1 3405 3405 0.671744
1 3415 3415 0.674816
1 3425 3425 0.681984
1 3434 3434 0.685056
1 3444 3444 0.685056
1 3453 3453 0.690176
1 3463 3463 0.694272
1 3472 3472 0.697344
1 3481 3481 0.702464
1 3491 3491 0.706560
1 3500 3500 0.709632
1 3510 3510 0.713728
1 3519 3519 0.716800
1 3528 3528 0.718848
1 3537 3537 0.724992
1 3547 3547 0.729088
1 3556 3556 0.733184
1 3565 3565 0.735232
1 3574 3574 0.739328
1 3584 3584 0.743424
1 3593 3593 0.745472
1 3602 3602 0.749568
1 3611 3611 0.752640
1 3620 3620 0.756736
1 3629 3629 0.760832
1 3638 3638 0.764928
1 3647 3647 0.770048
1 3656 3656 0.773120
1 3665 3665 0.776192
1 3674 3674 0.780288
1 3683 3683 0.785408
1 3692 3692 0.786432
1 3700 3700 0.789504
1 3709 3709 0.794624
1 3718 3718 0.798720
1 3727 3727 0.801792
1 3736 3736 0.804864
1 3744 3744 0.811008
1 3753 3753 0.813056
1 3762 3762 0.816128
1 3771 3771 0.821248
1 3779 3779 0.824320
1 3788 3788 0.828416
1 3797 3797 0.831488
1 3805 3805 0.835584
1 3814 3814 0.839680
1 3822 3822 0.842752
1 3831 3831 0.845824
1 3840 3840 0.850944
1 3848 3848 0.851968
1 3857 3857 0.855040
1 3865 3865 0.858112
1 3873 3873 0.864256
1 3882 3882 0.869376
1 3890 3890 0.871424
1 3899 3899 0.874496
1 3907 3907 0.878592
1 3916 3916 0.883712
1 3924 3924 0.887808
1 3932 3932 0.889856
1 3941 3941 0.896000
1 3949 3949 0.896000
1 3957 3957 0.900096
1 3965 3965 0.904192
1 3974 3974 0.909312
1 3982 3982 0.911360
1 3990 3990 0.914432
1 3998 3998 0.919552
1 4007 4007 0.923648
1 4015 4015 0.924672
1 4023 4023 0.930816
1 4031 4031 0.933888
1 4039 4039 0.936960
1 4047 4047 0.941056
1 4055 4055 0.945152
1 4063 4063 0.948224
1 4071 4071 0.953344
1 4079 4079 0.956416
1 4087 4087 0.961536
1 4096 4096 0.962560
2 256 256 0.011264
2 362 362 0.015360
2 443 443 0.017408
2 512 512 0.021504
2 572 572 0.025600
2 627 627 0.028672
2 677 677 0.032768
2 724 724 0.035840
2 768 768 0.040960
2 809 809 0.044032
2 849 849 0.047104
2 886 886 0.051200
2 923 923 0.053248
2 957 957 0.056320
2 991 991 0.059392
2 1024 1024 0.063488
2 1055 1055 0.065536
2 1086 1086 0.068608
2 1115 1115 0.071680
2 1144 1144 0.075776
2 1173 1173 0.077824
2 1200 1200 0.080896
2 1227 1227 0.083968
2 1254 1254 0.086016
2 1280 1280 0.089088
2 1305 1305 0.092160
2 1330 1330 0.095232
2 1354 1354 0.098304
2 1378 1378 0.100352
2 1402 1402 0.102400
2 1425 1425 0.107520
2 1448 1448 0.109568
2 1470 1470 0.112640
2 1492 1492 0.115712
2 1514 1514 0.116736
2 1536 1536 0.120832
2 1557 1557 0.121856
2 1578 1578 0.124928
2 1598 1598 0.126976
2 1619 1619 0.134144
2 1639 1639 0.132096
2 1659 1659 0.135168
2 1678 1678 0.138240
2 1698 1698 0.141312
2 1717 1717 0.143360
2 1736 1736 0.146432
2 1755 1755 0.150528
2 1773 1773 0.152576
2 1792 1792 0.154624
2 1810 1810 0.156672
2 1828 1828 0.159744
2 1846 1846 0.160768
2 1863 1863 0.164864
2 1881 1881 0.166912
2 1898 1898 0.169984
2 1915 1915 0.174080
2 1932 1932 0.175104
2 1949 1949 0.178176
2 1966 1966 0.181248
2 1982 1982 0.183296
2 1999 1999 0.186368
2 2015 2015 0.188416
2 2031 2031 0.189440
2 2048 2048 0.193536
2 2063 2063 0.194560
2 2079 2079 0.197632
2 2095 2095 0.200704
2 2111 2111 0.202752
2 2126 2126 0.204800
2 2141 2141 0.206848
2 2157 2157 0.210944
2 2172 2172 0.211968
2 2187 2187 0.216064
2 2202 2202 0.217088
2 2217 2217 0.221184
2 2231 2231 0.223232
2 2246 2246 0.225280
2 2260 2260 0.227328
2 2275 2275 0.230400
2 2289 2289 0.233472
2 2304 2304 0.236544
2 2318 2318 0.237568
2 2332 2332 0.240640
2 2346 2346 0.241664
2 2360 2360 0.244736
2 2374 2374 0.247808
2 2387 2387 0.249856
2 2401 2401 0.252928
2 2415 2415 0.253952
2 2428 2428 0.259072
2 2442 2442 0.261120
2 2455 2455 0.263168
2 2468 2468 0.266240
2 2482 2482 0.266240
2 2495 2495 0.270336
2 2508 2508 0.272384
2 2521 2521 0.274432
2 2534 2534 0.277504
2 2547 2547 0.278528
2 2560 2560 0.281600
2 2572 2572 0.281600
2 2585 2585 0.286720
2 2598 2598 0.283648
2 2610 2610 0.290816
2 2623 2623 0.292864
2 2635 2635 0.295936
2 2648 2648 0.297984
2 2660 2660 0.300032
2 2672 2672 0.302080
2 2684 2684 0.305152
2 2697 2697 0.308224
2 2709 2709 0.311296
2 2721 2721 0.312320
2 2733 2733 0.315392
2 2745 2745 0.317440
2 2757 2757 0.319488
2 2769 2769 0.321536
2 2780 2780 0.325632
2 2792 2792 0.327680
2 2804 2804 0.328704
2 2816 2816 0.331776
2 2827 2827 0.333824
2 2839 2839 0.336896
2 2850 2850 0.338944
2 2862 2862 0.340992
2 2873 2873 0.343040
2 2884 2884 0.345088
2 2896 2896 0.349184
2 2907 2907 0.349184
2 2918 2918 0.352256
2 2930 2930 0.357376
2 2941 2941 0.357376
2 2952 2952 0.360448
2 2963 2963 0.364544
2 2974 2974 0.365568
2 2985 2985 0.368640
2 2996 2996 0.370688
2 3007 3007 0.372736
2 3018 3018 0.374784
2 3029 3029 0.376832
2 3039 3039 0.379904
2 3050 3050 0.380928
2 3061 3061 0.384000
2 3072 3072 0.386048
2 3082 3082 0.388096
2 3093 3093 0.391168
2 3103 3103 0.393216
2 3114 3114 0.395264
2 3124 3124 0.398336
2 3135 3135 0.397312
2 3145 3145 0.402432
2 3156 3156 0.405504
2 3166 3166 0.408576
2 3176 3176 0.409600
2 3187 3187 0.411648
2 3197 3197 0.413696
2 3207 3207 0.416768
2 3217 3217 0.423936
2 3228 3228 0.421888
2 3238 3238 0.423936
2 3248 3248 0.425984
2 3258 3258 0.428032
2 3268 3268 0.430080
2 3278 3278 0.432128
2 3288 3288 0.436224
2 3298 3298 0.439296
2 3308 3308 0.440320
2 3318 3318 0.442368
2 3328 3328 0.446464
2 3337 3337 0.446464
2 3347 3347 0.451584
2 3357 3357 0.452608
2 3367 3367 0.454656
2 3376 3376 0.456704
2 3386 3386 0.455680
2 3396 3396 0.462848
2 3405 3405 0.460800
2 3415 3415 0.464896
2 3425 3425 0.468992
2 3434 3434 0.470016
2 3444 3444 0.472064
2 3453 3453 0.473088
2 3463 3463 0.477184
2 3472 3472 0.478208
2 3481 3481 0.481280
2 3491 3491 0.485376
2 3500 3500 0.484352
2 3510 3510 0.488448
2 3519 3519 0.494592
2 3528 3528 0.492544
2 3537 3537 0.495616
2 3547 3547 0.496640
2 3556 3556 0.498688
2 3565 3565 0.503808
2 3574 3574 0.504832
2 3584 3584 0.507904
2 3593 3593 0.509952
2 3602 3602 0.510976
2 3611 3611 0.513024
2 3620 3620 0.516096
2 3629 3629 0.521216
2 3638 3638 0.521216
2 3647 3647 0.523264
2 3656 3656 0.524288
2 3665 3665 0.528384
2 3674 3674 0.532480
2 3683 3683 0.533504
2 3692 3692 0.536576
2 3700 3700 0.537600
2 3709 3709 0.540672
2 3718 3718 0.542720
2 3727 3727 0.545792
2 3736 3736 0.545792
2 3744 3744 0.547840
2 3753 3753 0.549888
2 3762 3762 0.552960
2 3771 3771 0.555008
2 3779 3779 0.556032
2 3788 3788 0.558080
2 3797 3797 0.561152
2 3805 3805 0.563200
2 3814 3814 0.565248
2 3822 3822 0.567296
2 3831 3831 0.570368
2 3840 3840 0.572416
2 3848 3848 0.574464
2 3857 3857 0.578560
2 3865 3865 0.579584
2 3873 3873 0.581632
2 3882 3882 0.587776
2 3890 3890 0.586752
2 3899 3899 0.588800
2 3907 3907 0.590848
2 3916 3916 0.592896
2 3924 3924 0.594944
2 3932 3932 0.598016
2 3941 3941 0.601088
2 3949 3949 0.602112
2 3957 3957 0.604160
2 3965 3965 0.606208
2 3974 3974 0.609280
2 3982 3982 0.612352
2 3990 3990 0.613376
2 3998 3998 0.616448
2 4007 4007 0.617472
2 4015 4015 0.620544
2 4023 4023 0.623616
2 4031 4031 0.625664
2 4039 4039 0.629760
2 4047 4047 0.629760
2 4055 4055 0.629760
2 4063 4063 0.633856
2 4071 4071 0.636928
2 4079 4079 0.637952
2 4087 4087 0.640000
2 4096 4096 0.642048
