256 256 0.045056
362 362 0.033760
443 443 0.045056
512 512 0.058400
572 572 0.071712
627 627 0.084992
677 677 0.096256
724 724 0.110592
768 768 0.125952
809 809 0.136192
849 849 0.153600
886 886 0.176160
923 923 0.197632
957 957 0.221184
991 991 0.241696
1024 1024 0.252960
1055 1055 0.268288
1086 1086 0.281632
1115 1115 0.299008
1144 1144 0.318464
1173 1173 0.334848
1200 1200 0.348192
1227 1227 0.364512
1254 1254 0.378880
1280 1280 0.395296
1305 1305 0.413696
1330 1330 0.425984
1354 1354 0.439328
1378 1378 0.451584
1402 1402 0.468992
1425 1425 0.481312
1448 1448 0.498720
1470 1470 0.513024
1492 1492 0.526304
1514 1514 0.542720
1536 1536 0.561152
1557 1557 0.572384
1578 1578 0.588768
1598 1598 0.596992
1619 1619 0.613376
1639 1639 0.631776
1659 1659 0.645120
1678 1678 0.664608
1698 1698 0.676832
1717 1717 0.692224
1736 1736 0.707616
1755 1755 0.719872
1773 1773 0.739360
1792 1792 0.749600
1810 1810 0.765984
1828 1828 0.781280
1846 1846 0.793600
1863 1863 0.813056
1881 1881 0.826368
1898 1898 0.840704
1915 1915 0.855008
1932 1932 0.865248
1949 1949 0.884704
1966 1966 0.904192
1982 1982 0.919520
1999 1999 0.936960
2015 2015 0.937952
2031 2031 0.950304
2048 2048 0.966656
2063 2063 0.985056
2079 2079 0.995296
2095 2095 1.008672
2111 2111 1.023008
2126 2126 1.039360
2141 2141 1.050624
2157 2157 1.068032
2172 2172 1.086464
2187 2187 1.103904
2202 2202 1.112064
2217 2217 1.126368
2231 2231 1.136640
2246 2246 1.152000
2260 2260 1.161184
2275 2275 1.176608
2289 2289 1.197056
2304 2304 1.216480
2318 2318 1.227744
2332 2332 1.243104
2346 2346 1.255424
2360 2360 1.266688
2374 2374 1.282048
2387 2387 1.298432
2401 2401 1.311712
2415 2415 1.326048
2428 2428 1.336352
2442 2442 1.357824
2455 2455 1.373184
2468 2468 1.382400
2482 2482 1.397760
2495 2495 1.408000
2508 2508 1.422336
2521 2521 1.444832
2534 2534 1.457120
2547 2547 1.472512
2560 2560 1.485824
2572 2572 1.505280
2585 2585 1.517600
2598 2598 1.535008
2610 2610 1.547264
2623 2623 1.566752
2635 2635 1.573920
2648 2648 1.590272
2660 2660 1.610752
2672 2672 1.613824
2684 2684 1.632288
2697 2697 1.647648
2709 2709 1.662976
2721 2721 1.680352
2733 2733 1.692704
2745 2745 1.700864
2757 2757 1.724416
2769 2769 1.732640
2780 2780 1.745952
2792 2792 1.765376
2804 2804 1.774592
2816 2816 1.791008
2827 2827 1.803264
2839 2839 1.816544
2850 2850 1.836000
2862 2862 1.850368
2873 2873 1.866720
2884 2884 1.881120
2896 2896 1.895424
2907 2907 1.909728
2918 2918 1.923040
2930 2930 1.942496
2941 2941 1.957888
2952 2952 1.966112
2963 2963 1.985536
2974 2974 1.994752
2985 2985 2.008064
2996 2996 2.020352
3007 3007 2.015232
3018 3018 2.035744
3029 3029 2.043872
3039 3039 2.057248
3050 3050 2.076704
3061 3061 2.087936
3072 3072 2.107424
3082 3082 2.120704
3093 3093 2.132960
3103 3103 2.148320
3114 3114 2.163712
3124 3124 2.172928
3135 3135 2.185216
3145 3145 2.211840
3156 3156 2.232288
3166 3166 2.237440
3176 3176 2.254880
3187 3187 2.262048
3197 3197 2.278368
3207 3207 2.296864
3217 3217 2.308096
3228 3228 2.318336
3238 3238 2.333728
3248 3248 2.346016
3258 3258 2.358240
3268 3268 2.380832
3278 3278 2.392064
3288 3288 2.412544
3298 3298 2.426880
3308 3308 2.446336
3318 3318 2.454496
3328 3328 2.470880
3337 3337 2.481152
3347 3347 2.510848
3357 3357 2.514944
3367 3367 2.532320
3376 3376 2.541536
3386 3386 2.550784
3396 3396 2.573344
3405 3405 2.582528
3415 3415 2.600960
3425 3425 2.616288
3434 3434 2.639872
3444 3444 2.646048
3453 3453 2.662368
3463 3463 2.679776
3472 3472 2.681824
3481 3481 2.696192
3491 3491 2.720800
3500 3500 2.735136
3510 3510 2.746368
3519 3519 2.760704
3528 3528 2.775040
3537 3537 2.788320
3547 3547 2.801632
3556 3556 2.812928
3565 3565 2.833408
3574 3574 2.846720
3584 3584 2.870272
3593 3593 2.883584
3602 3602 2.900992
3611 3611 2.912256
3620 3620 2.923520
3629 3629 2.937856
3638 3638 2.948096
3647 3647 2.962464
3656 3656 2.982912
3665 3665 2.997248
3674 3674 3.018752
3683 3683 3.031072
3692 3692 3.042272
3700 3700 3.062816
3709 3709 3.064832
3718 3718 3.085344
3727 3727 3.103712
3736 3736 3.111968
3744 3744 3.126240
3753 3753 3.140576
3762 3762 3.154944
3771 3771 3.170304
3779 3779 3.186656
3788 3788 3.203104
3797 3797 3.214368
3805 3805 3.227648
3814 3814 3.247104
3822 3822 3.259392
3831 3831 3.272704
3840 3840 3.285024
3848 3848 3.300352
3857 3857 3.313664
3865 3865 3.333120
3873 3873 3.346432
3882 3882 3.357728
3890 3890 3.374080
3899 3899 3.388384
3907 3907 3.407872
3916 3916 3.424256
3924 3924 3.436544
3932 3932 3.454944
3941 3941 3.467264
3949 3949 3.481600
3957 3957 3.487744
3965 3965 3.508192
3974 3974 3.521536
3982 3982 3.532768
3990 3990 3.546112
3998 3998 3.558400
4007 4007 3.559424
4015 4015 3.562464
4023 4023 3.576832
4031 4031 3.594272
4039 4039 3.607584
4047 4047 3.617760
4055 4055 3.640320
4063 4063 3.652608
4071 4071 3.666944
4079 4079 3.685344
4087 4087 3.697632
4096 4096 3.702784
