0 256 256 0.016384
0 362 362 0.021504
0 443 443 0.030720
0 512 512 0.035840
0 572 572 0.045056
0 627 627 0.054272
0 677 677 0.068608
0 724 724 0.074752
0 768 768 0.079872
0 809 809 0.096256
0 849 849 0.099328
0 886 886 0.104448
0 923 923 0.118784
0 957 957 0.129024
0 991 991 0.133120
0 1024 1024 0.145408
0 1055 1055 0.157696
0 1086 1086 0.163840
0 1115 1115 0.177152
0 1144 1144 0.183296
0 1173 1173 0.191488
0 1200 1200 0.202752
0 1227 1227 0.210944
0 1254 1254 0.220160
0 1280 1280 0.227328
0 1305 1305 0.237568
0 1330 1330 0.246784
0 1354 1354 0.257024
0 1378 1378 0.264192
0 1402 1402 0.277504
0 1425 1425 0.284672
0 1448 1448 0.293888
0 1470 1470 0.307200
0 1492 1492 0.312320
0 1514 1514 0.318464
0 1536 1536 0.329728
0 1557 1557 0.338944
0 1578 1578 0.348160
0 1598 1598 0.360448
0 1619 1619 0.369664
0 1639 1639 0.375808
0 1659 1659 0.389120
0 1678 1678 0.396288
0 1698 1698 0.403456
0 1717 1717 0.416768
0 1736 1736 0.419840
0 1755 1755 0.431104
0 1773 1773 0.441344
0 1792 1792 0.445440
0 1810 1810 0.454656
0 1828 1828 0.463872
0 1846 1846 0.477184
0 1863 1863 0.488448
0 1881 1881 0.497664
0 1898 1898 0.504832
0 1915 1915 0.515072
0 1932 1932 0.522240
0 1949 1949 0.533504
0 1966 1966 0.542720
0 1982 1982 0.553984
0 1999 1999 0.566272
0 2015 2015 0.571392
0 2031 2031 0.579584
0 2048 2048 0.582656
0 2063 2063 0.589824
0 2079 2079 0.606208
0 2095 2095 0.612352
0 2111 2111 0.630784
0 2126 2126 0.635904
0 2141 2141 0.647168
0 2157 2157 0.656384
0 2172 2172 0.666624
0 2187 2187 0.673792
0 2202 2202 0.678912
0 2217 2217 0.690176
0 2231 2231 0.700416
0 2246 2246 0.702464
0 2260 2260 0.716800
0 2275 2275 0.723968
0 2289 2289 0.733184
0 2304 2304 0.743424
0 2318 2318 0.750592
0 2332 2332 0.755712
0 2346 2346 0.771072
0 2360 2360 0.775168
0 2374 2374 0.793600
0 2387 2387 0.795648
0 2401 2401 0.805888
0 2415 2415 0.822272
0 2428 2428 0.824320
0 2442 2442 0.836608
0 2455 2455 0.842752
0 2468 2468 0.851968
0 2482 2482 0.862208
0 2495 2495 0.877568
0 2508 2508 0.877568
0 2521 2521 0.887808
0 2534 2534 0.899072
0 2547 2547 0.905216
0 2560 2560 0.913408
0 2572 2572 0.924672
0 2585 2585 0.936960
0 2598 2598 0.947200
0 2610 2610 0.960512
0 2623 2623 0.970752
0 2635 2635 0.974848
0 2648 2648 0.978944
0 2660 2660 0.987136
0 2672 2672 0.992256
0 2684 2684 1.013760
0 2697 2697 1.017856
0 2709 2709 1.028096
0 2721 2721 1.033216
0 2733 2733 1.042432
0 2745 2745 1.053696
0 2757 2757 1.063936
0 2769 2769 1.064960
0 2780 2780 1.081344
0 2792 2792 1.082368
0 2804 2804 1.107968
0 2816 2816 1.103872
0 2827 2827 1.117184
0 2839 2839 1.130496
0 2850 2850 1.136640
0 2862 2862 1.149952
0 2873 2873 1.154048
0 2884 2884 1.165312
0 2896 2896 1.165312
0 2907 2907 1.184768
0 2918 2918 1.192960
0 2930 2930 1.203200
0 2941 2941 1.219584
0 2952 2952 1.217536
0 2963 2963 1.232896
0 2974 2974 1.244160
0 2985 2985 1.249280
0 2996 2996 1.256448
0 3007 3007 1.273856
0 3018 3018 1.271808
0 3029 3029 1.289216
0 3039 3039 1.294336
0 3050 3050 1.299456
0 3061 3061 1.310720
0 3072 3072 1.313792
0 3082 3082 1.326080
0 3093 3093 1.346560
0 3103 3103 1.361920
0 3114 3114 1.358848
0 3124 3124 1.372160
0 3135 3135 1.386496
0 3145 3145 1.394688
0 3156 3156 1.397760
0 3166 3166 1.409024
0 3176 3176 1.405952
0 3187 3187 1.426432
0 3197 3197 1.442816
0 3207 3207 1.447936
0 3217 3217 1.451008
0 3228 3228 1.466368
0 3238 3238 1.471488
0 3248 3248 1.469440
0 3258 3258 1.492992
0 3268 3268 1.497088
0 3278 3278 1.510400
0 3288 3288 1.514496
0 3298 3298 1.523712
0 3308 3308 1.536000
0 3318 3318 1.551360
0 3328 3328 1.555456
0 3337 3337 1.553408
0 3347 3347 1.572864
0 3357 3357 1.587200
0 3367 3367 1.595392
0 3376 3376 1.588224
0 3386 3386 1.607680
0 3396 3396 1.618944
0 3405 3405 1.633280
0 3415 3415 1.645568
0 3425 3425 1.646592
0 3434 3434 1.658880
0 3444 3444 1.666048
0 3453 3453 1.674240
0 3463 3463 1.695744
0 3472 3472 1.690624
0 3481 3481 1.698816
0 3491 3491 1.705984
0 3500 3500 1.721344
0 3510 3510 1.727488
0 3519 3519 1.743872
0 3528 3528 1.740800
0 3537 3537 1.750016
0 3547 3547 1.765376
0 3556 3556 1.775616
0 3565 3565 1.789952
0 3574 3574 1.788928
0 3584 3584 1.794048
0 3593 3593 1.809408
0 3602 3602 1.817600
0 3611 3611 1.832960
0 3620 3620 1.840128
0 3629 3629 1.856512
0 3638 3638 1.862656
0 3647 3647 1.880064
0 3656 3656 1.871872
0 3665 3665 1.882112
0 3674 3674 1.897472
0 3683 3683 1.909760
0 3692 3692 1.923072
0 3700 3700 1.923072
0 3709 3709 1.939456
0 3718 3718 1.947648
0 3727 3727 1.959936
0 3736 3736 1.952768
0 3744 3744 1.959936
0 3753 3753 1.974272
0 3762 3762 1.992704
0 3771 3771 2.002944
0 3779 3779 2.009088
0 3788 3788 2.022400
0 3797 3797 2.037760
0 3805 3805 2.045952
0 3814 3814 2.045952
0 3822 3822 2.061312
0 3831 3831 2.069504
0 3840 3840 2.070528
0 3848 3848 2.075648
0 3857 3857 2.096128
0 3865 3865 2.110464
0 3873 3873 2.114560
0 3882 3882 2.136064
0 3890 3890 2.131968
0 3899 3899 2.153472
0 3907 3907 2.153472
0 3916 3916 2.169856
0 3924 3924 2.184192
0 3932 3932 2.181120
0 3941 3941 2.196480
0 3949 3949 2.214912
0 3957 3957 2.219008
0 3965 3965 2.235392
0 3974 3974 2.225152
0 3982 3982 2.243584
0 3990 3990 2.249728
0 3998 3998 2.263040
0 4007 4007 2.270208
0 4015 4015 2.281472
0 4023 4023 2.285568
0 4031 4031 2.297856
0 4039 4039 2.306048
0 4047 4047 2.313216
0 4055 4055 2.320384
0 4063 4063 2.332672
0 4071 4071 2.343936
0 4079 4079 2.356224
0 4087 4087 2.358272
0 4096 4096 2.363392
1 256 256 0.005120
1 362 362 0.008192
1 443 443 0.011264
1 512 512 0.013312
1 572 572 0.017408
1 627 627 0.019456
1 677 677 0.023552
1 724 724 0.024576
1 768 768 0.027648
1 809 809 0.029696
1 849 849 0.032768
1 886 886 0.035840
1 923 923 0.037920
1 957 957 0.039936
1 991 991 0.043008
1 1024 1024 0.045056
1 1055 1055 0.048128
1 1086 1086 0.050176
1 1115 1115 0.053248
1 1144 1144 0.056320
1 1173 1173 0.058368
1 1200 1200 0.060416
1 1227 1227 0.063488
1 1254 1254 0.066560
1 1280 1280 0.069632
1 1305 1305 0.071680
1 1330 1330 0.073728
1 1354 1354 0.076800
1 1378 1378 0.077824
1 1402 1402 0.080896
1 1425 1425 0.083968
1 1448 1448 0.086016
1 1470 1470 0.089088
1 1492 1492 0.091136
1 1514 1514 0.094208
1 1536 1536 0.097280
1 1557 1557 0.099328
1 1578 1578 0.102400
1 1598 1598 0.103424
1 1619 1619 0.105472
1 1639 1639 0.110592
1 1659 1659 0.111616
1 1678 1678 0.114688
1 1698 1698 0.115712
1 1717 1717 0.119808
1 1736 1736 0.121856
1 1755 1755 0.123904
1 1773 1773 0.126976
1 1792 1792 0.130048
1 1810 1810 0.133120
1 1828 1828 0.135168
1 1846 1846 0.137216
1 1863 1863 0.139264
1 1881 1881 0.142336
1 1898 1898 0.144384
1 1915 1915 0.148480
1 1932 1932 0.149504
1 1949 1949 0.152576
1 1966 1966 0.155648
1 1982 1982 0.157696
1 1999 1999 0.160768
1 2015 2015 0.162816
1 2031 2031 0.164864
1 2048 2048 0.167936
1 2063 2063 0.168960
1 2079 2079 0.172032
1 2095 2095 0.175104
1 2111 2111 0.178176
1 2126 2126 0.178176
1 2141 2141 0.182272
1 2157 2157 0.184320
1 2172 2172 0.187392
1 2187 2187 0.189440
1 2202 2202 0.192512
1 2217 2217 0.194560
1 2231 2231 0.200704
1 2246 2246 0.200704
1 2260 2260 0.201728
1 2275 2275 0.204800
1 2289 2289 0.207872
1 2304 2304 0.210944
1 2318 2318 0.211968
1 2332 2332 0.214016
1 2346 2346 0.218112
1 2360 2360 0.220160
1 2374 2374 0.222208
1 2387 2387 0.225280
1 2401 2401 0.228352
1 2415 2415 0.229376
1 2428 2428 0.232448
1 2442 2442 0.235520
1 2455 2455 0.236544
1 2468 2468 0.241664
1 2482 2482 0.244736
1 2495 2495 0.246784
1 2508 2508 0.247808
1 2521 2521 0.249856
1 2534 2534 0.251904
1 2547 2547 0.256000
1 2560 2560 0.259072
1 2572 2572 0.259072
1 2585 2585 0.261120
1 2598 2598 0.265216
1 2610 2610 0.268288
1 2623 2623 0.270336
1 2635 2635 0.272384
1 2648 2648 0.275456
1 2660 2660 0.277504
1 2672 2672 0.279552
1 2684 2684 0.283648
1 2697 2697 0.285696
1 2709 2709 0.287744
1 2721 2721 0.289792
1 2733 2733 0.292864
1 2745 2745 0.295936
1 2757 2757 0.297984
1 2769 2769 0.300032
1 2780 2780 0.302080
1 2792 2792 0.305152
1 2804 2804 0.308224
1 2816 2816 0.311296
1 2827 2827 0.312320
1 2839 2839 0.316416
1 2850 2850 0.318464
1 2862 2862 0.319488
1 2873 2873 0.322560
1 2884 2884 0.324608
1 2896 2896 0.328704
1 2907 2907 0.330752
1 2918 2918 0.332800
1 2930 2930 0.366592
1 2941 2941 0.370720
1 2952 2952 0.373760
1 2963 2963 0.373760
1 2974 2974 0.378880
1 2985 2985 0.379904
1 2996 2996 0.384000
1 3007 3007 0.387104
1 3018 3018 0.388096
1 3029 3029 0.392192
1 3039 3039 0.394240
1 3050 3050 0.396288
1 3061 3061 0.400352
1 3072 3072 0.402432
1 3082 3082 0.405472
1 3093 3093 0.408576
1 3103 3103 0.410624
1 3114 3114 0.412672
1 3124 3124 0.415712
1 3135 3135 0.419840
1 3145 3145 0.420864
1 3156 3156 0.424992
1 3166 3166 0.428064
1 3176 3176 0.429056
1 3187 3187 0.433184
1 3197 3197 0.435200
1 3207 3207 0.437280
1 3217 3217 0.441376
1 3228 3228 0.443392
1 3238 3238 0.447488
1 3248 3248 0.449536
1 3258 3258 0.453600
1 3268 3268 0.455712
1 3278 3278 0.456704
1 3288 3288 0.461824
1 3298 3298 0.461856
1 3308 3308 0.464864
1 3318 3318 0.468992
1 3328 3328 0.471008
1 3337 3337 0.472032
1 3347 3347 0.474144
1 3357 3357 0.475136
1 3367 3367 0.482304
1 3376 3376 0.483328
1 3386 3386 0.486400
1 3396 3396 0.488480
1 3405 3405 0.492544
1 3415 3415 0.497696
1 3425 3425 0.497664
1 3434 3434 0.499712
1 3444 3444 0.504832
1 3453 3453 0.505856
1 3463 3463 0.507872
1 3472 3472 0.512000
1 3481 3481 0.516096
1 3491 3491 0.517120
1 3500 3500 0.519168
1 3510 3510 0.522240
1 3519 3519 0.526336
1 3528 3528 0.527360
1 3537 3537 0.530400
1 3547 3547 0.532512
1 3556 3556 0.536576
1 3565 3565 0.538592
1 3574 3574 0.542720
1 3584 3584 0.544768
1 3593 3593 0.545824
1 3602 3602 0.549888
1 3611 3611 0.551936
1 3620 3620 0.555040
1 3629 3629 0.558080
1 3638 3638 0.562208
1 3647 3647 0.563232
1 3656 3656 0.566304
1 3665 3665 0.567296
1 3674 3674 0.571392
1 3683 3683 0.575488
1 3692 3692 0.576512
1 3700 3700 0.580608
1 3709 3709 0.584704
1 3718 3718 0.584736
1 3727 3727 0.587776
1 3736 3736 0.591904
1 3744 3744 0.593920
1 3753 3753 0.596992
1 3762 3762 0.599072
1 3771 3771 0.602112
1 3779 3779 0.604160
1 3788 3788 0.607232
1 3797 3797 0.609280
1 3805 3805 0.615424
1 3814 3814 0.614400
1 3822 3822 0.616416
1 3831 3831 0.620544
1 3840 3840 0.624640
1 3848 3848 0.626688
1 3857 3857 0.628736
1 3865 3865 0.629760
1 3873 3873 0.634880
1 3882 3882 0.635904
1 3890 3890 0.640000
1 3899 3899 0.641056
1 3907 3907 0.645120
1 3916 3916 0.648192
1 3924 3924 0.650272
1 3932 3932 0.653280
1 3941 3941 0.625664
1 3949 3949 0.628736
1 3957 3957 0.630784
1 3965 3965 0.633856
1 3974 3974 0.636928
1 3982 3982 0.640000
1 3990 3990 0.641024
1 3998 3998 0.648192
1 4007 4007 0.618496
1 4015 4015 0.624640
1 4023 4023 0.624640
1 4031 4031 0.627712
1 4039 4039 0.629760
1 4047 4047 0.631808
1 4055 4055 0.633856
1 4063 4063 0.635904
1 4071 4071 0.640000
1 4079 4079 0.643072
1 4087 4087 0.644096
1 4096 4096 0.648192
2 256 256 0.005120
2 362 362 0.008192
2 443 443 0.012288
2 512 512 0.017408
2 572 572 0.018432
2 627 627 0.021504
2 677 677 0.027648
2 724 724 0.027648
2 768 768 0.029696
2 809 809 0.030720
2 849 849 0.035840
2 886 886 0.037888
2 923 923 0.039936
2 957 957 0.043008
2 991 991 0.046080
2 1024 1024 0.049152
2 1055 1055 0.050176
2 1086 1086 0.053248
2 1115 1115 0.056320
2 1144 1144 0.058368
2 1173 1173 0.061440
2 1200 1200 0.063488
2 1227 1227 0.064512
2 1254 1254 0.067584
2 1280 1280 0.070656
2 1305 1305 0.072704
2 1330 1330 0.074752
2 1354 1354 0.077824
2 1378 1378 0.079872
2 1402 1402 0.081920
2 1425 1425 0.083968
2 1448 1448 0.087040
2 1470 1470 0.088064
2 1492 1492 0.091136
2 1514 1514 0.093184
2 1536 1536 0.096256
2 1557 1557 0.097280
2 1578 1578 0.100352
2 1598 1598 0.103424
2 1619 1619 0.104448
2 1639 1639 0.106496
2 1659 1659 0.109568
2 1678 1678 0.111616
2 1698 1698 0.114688
2 1717 1717 0.116736
2 1736 1736 0.119808
2 1755 1755 0.119808
2 1773 1773 0.123904
2 1792 1792 0.124928
2 1810 1810 0.128000
2 1828 1828 0.131072
2 1846 1846 0.132096
2 1863 1863 0.135168
2 1881 1881 0.136192
2 1898 1898 0.139264
2 1915 1915 0.141312
2 1932 1932 0.143360
2 1949 1949 0.146432
2 1966 1966 0.147456
2 1982 1982 0.149504
2 1999 1999 0.152576
2 2015 2015 0.153600
2 2031 2031 0.156672
2 2048 2048 0.159744
2 2063 2063 0.161792
2 2079 2079 0.162816
2 2095 2095 0.163840
2 2111 2111 0.166912
2 2126 2126 0.169984
2 2141 2141 0.171008
2 2157 2157 0.175104
2 2172 2172 0.176128
2 2187 2187 0.178176
2 2202 2202 0.180224
2 2217 2217 0.182272
2 2231 2231 0.183296
2 2246 2246 0.186368
2 2260 2260 0.187392
2 2275 2275 0.190464
2 2289 2289 0.193536
2 2304 2304 0.194560
2 2318 2318 0.196608
2 2332 2332 0.200704
2 2346 2346 0.201728
2 2360 2360 0.202752
2 2374 2374 0.204800
2 2387 2387 0.205824
2 2401 2401 0.210944
2 2415 2415 0.210944
2 2428 2428 0.212992
2 2442 2442 0.216064
2 2455 2455 0.217088
2 2468 2468 0.222208
2 2482 2482 0.223232
2 2495 2495 0.224256
2 2508 2508 0.227328
2 2521 2521 0.229376
2 2534 2534 0.225280
2 2547 2547 0.233472
2 2560 2560 0.234496
2 2572 2572 0.235520
2 2585 2585 0.238592
2 2598 2598 0.242688
2 2610 2610 0.243712
2 2623 2623 0.244736
2 2635 2635 0.247808
2 2648 2648 0.253952
2 2660 2660 0.250880
2 2672 2672 0.252928
2 2684 2684 0.257024
2 2697 2697 0.256000
2 2709 2709 0.260096
2 2721 2721 0.261120
2 2733 2733 0.264192
2 2745 2745 0.265216
2 2757 2757 0.268288
2 2769 2769 0.270336
2 2780 2780 0.272384
2 2792 2792 0.274432
2 2804 2804 0.276480
2 2816 2816 0.279552
2 2827 2827 0.279552
2 2839 2839 0.283648
2 2850 2850 0.284672
2 2862 2862 0.286720
2 2873 2873 0.287744
2 2884 2884 0.289792
2 2896 2896 0.293888
2 2907 2907 0.295936
2 2918 2918 0.295936
2 2930 2930 0.300032
2 2941 2941 0.300032
2 2952 2952 0.304128
2 2963 2963 0.304128
2 2974 2974 0.307200
2 2985 2985 0.309248
2 2996 2996 0.311296
2 3007 3007 0.312320
2 3018 3018 0.315392
2 3029 3029 0.317440
2 3039 3039 0.319488
2 3050 3050 0.321536
2 3061 3061 0.323584
2 3072 3072 0.326656
2 3082 3082 0.327680
2 3093 3093 0.328704
2 3103 3103 0.332800
2 3114 3114 0.332800
2 3124 3124 0.335872
2 3135 3135 0.337920
2 3145 3145 0.340992
2 3156 3156 0.342016
2 3166 3166 0.345088
2 3176 3176 0.346112
2 3187 3187 0.347136
2 3197 3197 0.349184
2 3207 3207 0.352256
2 3217 3217 0.353280
2 3228 3228 0.355328
2 3238 3238 0.357376
2 3248 3248 0.361472
2 3258 3258 0.361472
2 3268 3268 0.363520
2 3278 3278 0.365568
2 3288 3288 0.368640
2 3298 3298 0.370688
2 3308 3308 0.372736
2 3318 3318 0.374784
2 3328 3328 0.376832
2 3337 3337 0.376832
2 3347 3347 0.378880
2 3357 3357 0.380928
2 3367 3367 0.385024
2 3376 3376 0.386048
2 3386 3386 0.389120
2 3396 3396 0.389120
2 3405 3405 0.392192
2 3415 3415 0.395264
2 3425 3425 0.395264
2 3434 3434 0.399360
2 3444 3444 0.398336
2 3453 3453 0.401408
2 3463 3463 0.403456
2 3472 3472 0.404480
2 3481 3481 0.408576
2 3491 3491 0.408576
2 3500 3500 0.411648
2 3510 3510 0.415744
2 3519 3519 0.416768
2 3528 3528 0.417792
2 3537 3537 0.418816
2 3547 3547 0.421888
2 3556 3556 0.423936
2 3565 3565 0.423936
2 3574 3574 0.427008
2 3584 3584 0.429056
2 3593 3593 0.431104
2 3602 3602 0.432128
2 3611 3611 0.435200
2 3620 3620 0.437248
2 3629 3629 0.438272
2 3638 3638 0.440320
2 3647 3647 0.442368
2 3656 3656 0.445440
2 3665 3665 0.447488
2 3674 3674 0.449536
2 3683 3683 0.451584
2 3692 3692 0.453632
2 3700 3700 0.456704
2 3709 3709 0.455680
2 3718 3718 0.457728
2 3727 3727 0.461824
2 3736 3736 0.461824
2 3744 3744 0.465920
2 3753 3753 0.466944
2 3762 3762 0.468992
2 3771 3771 0.471040
2 3779 3779 0.472064
2 3788 3788 0.475136
2 3797 3797 0.476160
2 3805 3805 0.478208
2 3814 3814 0.481280
2 3822 3822 0.483328
2 3831 3831 0.485376
2 3840 3840 0.487424
2 3848 3848 0.489472
2 3857 3857 0.490496
2 3865 3865 0.492544
2 3873 3873 0.494592
2 3882 3882 0.496640
2 3890 3890 0.498688
2 3899 3899 0.502784
2 3907 3907 0.502784
2 3916 3916 0.505856
2 3924 3924 0.506880
2 3932 3932 0.507904
2 3941 3941 0.510976
2 3949 3949 0.513024
2 3957 3957 0.513024
2 3965 3965 0.516096
2 3974 3974 0.517120
2 3982 3982 0.520192
2 3990 3990 0.522240
2 3998 3998 0.522240
2 4007 4007 0.526336
2 4015 4015 0.527360
2 4023 4023 0.529408
2 4031 4031 0.531456
2 4039 4039 0.534528
2 4047 4047 0.536576
2 4055 4055 0.536576
2 4063 4063 0.539648
2 4071 4071 0.542720
2 4079 4079 0.543744
2 4087 4087 0.545792
2 4096 4096 0.546816
