0 256 256 0.034816
0 362 362 0.035808
0 443 443 0.052224
0 512 512 0.064512
0 572 572 0.080896
0 627 627 0.094240
0 677 677 0.109536
0 724 724 0.123936
0 768 768 0.138240
0 809 809 0.149536
0 849 849 0.164896
0 886 886 0.179168
0 923 923 0.194528
0 957 957 0.206816
0 991 991 0.221184
0 1024 1024 0.233472
0 1055 1055 0.247808
0 1086 1086 0.261120
0 1115 1115 0.276448
0 1144 1144 0.292832
0 1173 1173 0.305184
0 1200 1200 0.322592
0 1227 1227 0.335872
0 1254 1254 0.352256
0 1280 1280 0.362464
0 1305 1305 0.379872
0 1330 1330 0.389152
0 1354 1354 0.407520
0 1378 1378 0.416768
0 1402 1402 0.435200
0 1425 1425 0.445440
0 1448 1448 0.457760
0 1470 1470 0.470016
0 1492 1492 0.485408
0 1514 1514 0.497664
0 1536 1536 0.512000
0 1557 1557 0.525312
0 1578 1578 0.538624
0 1598 1598 0.553984
0 1619 1619 0.567328
0 1639 1639 0.584704
0 1659 1659 0.592896
0 1678 1678 0.612384
0 1698 1698 0.621568
0 1717 1717 0.643072
0 1736 1736 0.650240
0 1755 1755 0.667648
0 1773 1773 0.676864
0 1792 1792 0.695264
0 1810 1810 0.703520
0 1828 1828 0.719840
0 1846 1846 0.731136
0 1863 1863 0.746496
0 1881 1881 0.758752
0 1898 1898 0.772096
0 1915 1915 0.785408
0 1932 1932 0.800800
0 1949 1949 0.815136
0 1966 1966 0.827392
0 1982 1982 0.843776
0 1999 1999 0.854048
0 2015 2015 0.872480
0 2031 2031 0.880640
0 2048 2048 0.902112
0 2063 2063 0.908288
0 2079 2079 0.925728
0 2095 2095 0.934944
0 2111 2111 0.955360
0 2126 2126 0.961536
0 2141 2141 0.980000
0 2157 2157 0.991200
0 2172 2172 1.003520
0 2187 2187 1.017888
0 2202 2202 1.030176
0 2217 2217 1.045472
0 2231 2231 1.058816
0 2246 2246 1.074176
0 2260 2260 1.086464
0 2275 2275 1.103872
0 2289 2289 1.114112
0 2304 2304 1.135648
0 2318 2318 1.141728
0 2332 2332 1.165312
0 2346 2346 1.168416
0 2360 2360 1.188864
0 2374 2374 1.195008
0 2387 2387 1.214432
0 2401 2401 1.220640
0 2415 2415 1.238016
0 2428 2428 1.249280
0 2442 2442 1.261600
0 2455 2455 1.274880
0 2468 2468 1.287168
0 2482 2482 1.302560
0 2495 2495 1.314816
0 2508 2508 1.331232
0 2521 2521 1.344480
0 2534 2534 1.361952
0 2547 2547 1.373184
0 2560 2560 1.391584
0 2572 2572 1.398752
0 2585 2585 1.418240
0 2598 2598 1.425408
0 2610 2610 1.445888
0 2623 2623 1.453056
0 2635 2635 1.472544
0 2648 2648 1.478656
0 2660 2660 1.495040
0 2672 2672 1.508320
0 2684 2684 1.518592
0 2697 2697 1.533952
0 2709 2709 1.548288
0 2721 2721 1.561568
0 2733 2733 1.573856
0 2745 2745 1.590272
0 2757 2757 1.604640
0 2769 2769 1.620992
0 2780 2780 1.629184
0 2792 2792 1.650656
0 2804 2804 1.657824
0 2816 2816 1.679328
0 2827 2827 1.684480
0 2839 2839 1.704960
0 2850 2850 1.712128
0 2862 2862 1.732576
0 2873 2873 1.741824
0 2884 2884 1.755136
0 2896 2896 1.765344
0 2907 2907 1.782784
0 2918 2918 1.794048
0 2930 2930 1.809408
0 2941 2941 1.822720
0 2952 2952 1.836064
0 2963 2963 1.854464
0 2974 2974 1.864736
0 2985 2985 1.880064
0 2996 2996 1.889280
0 3007 3007 1.910784
0 3018 3018 1.916928
0 3029 3029 1.939456
0 3039 3039 1.943584
0 3050 3050 1.964000
0 3061 3061 1.971200
0 3072 3072 1.990656
0 3082 3082 1.997792
0 3093 3093 2.013184
0 3103 3103 2.023424
0 3114 3114 2.041824
0 3124 3124 2.051040
0 3135 3135 2.063360
0 3145 3145 2.076672
0 3156 3156 2.088992
0 3166 3166 2.104320
0 3176 3176 2.117632
0 3187 3187 2.136032
0 3197 3197 2.145248
0 3207 3207 2.168832
0 3217 3217 2.172928
0 3228 3228 2.196480
0 3238 3238 2.200544
0 3248 3248 2.223104
0 3258 3258 2.225152
0 3268 3268 2.249728
0 3278 3278 2.252768
0 3288 3288 2.269184
0 3298 3298 2.286592
0 3308 3308 2.294816
0 3318 3318 2.308128
0 3328 3328 2.322432
0 3337 3337 2.333696
0 3347 3347 2.345952
0 3357 3357 2.360352
0 3367 3367 2.378720
0 3376 3376 2.394112
0 3386 3386 2.401312
0 3396 3396 2.424832
0 3405 3405 2.432032
0 3415 3415 2.454528
0 3425 3425 2.457600
0 3434 3434 2.479136
0 3444 3444 2.484224
0 3453 3453 2.501632
0 3463 3463 2.509824
0 3472 3472 2.526240
0 3481 3481 2.537472
0 3491 3491 2.551808
0 3500 3500 2.564128
0 3510 3510 2.579424
0 3519 3519 2.588672
0 3528 3528 2.605056
0 3537 3537 2.620416
0 3547 3547 2.630688
0 3556 3556 2.650112
0 3565 3565 2.657312
0 3574 3574 2.678784
0 3584 3584 2.685952
0 3593 3593 2.713600
0 3602 3602 2.715680
0 3611 3611 2.738144
0 3620 3620 2.741248
0 3629 3629 2.764768
0 3638 3638 2.769952
0 3647 3647 2.786304
0 3656 3656 2.795552
0 3665 3665 2.807808
0 3674 3674 2.821152
0 3683 3683 2.835456
0 3692 3692 2.849792
0 3700 3700 2.861088
0 3709 3709 2.876384
0 3718 3718 2.891776
0 3727 3727 2.908128
0 3736 3736 2.914304
0 3744 3744 2.942976
0 3753 3753 2.944000
0 3762 3762 2.969600
0 3771 3771 2.972640
0 3779 3779 2.994176
0 3788 3788 3.000352
0 3797 3797 3.022880
0 3805 3805 3.025952
0 3814 3814 3.041280
0 3822 3822 3.052544
0 3831 3831 3.065856
0 3840 3840 3.080160
0 3848 3848 3.093536
0 3857 3857 3.106816
0 3865 3865 3.120128
0 3873 3873 3.134496
0 3882 3882 3.147808
0 3890 3890 3.164128
0 3899 3899 3.177504
0 3907 3907 3.195872
0 3916 3916 3.203040
0 3924 3924 3.227648
0 3932 3932 3.228704
0 3941 3941 3.248128
0 3949 3949 3.254272
0 3957 3957 3.276768
0 3965 3965 3.279872
0 3974 3974 3.299296
0 3982 3982 3.307520
0 3990 3990 3.321856
0 3998 3998 3.334112
0 4007 4007 3.350528
0 4015 4015 3.363840
0 4023 4023 3.372064
0 4031 4031 3.390464
0 4039 4039 3.402784
0 4047 4047 3.420160
0 4055 4055 3.428384
0 4063 4063 3.447840
0 4071 4071 3.451904
0 4079 4079 3.480576
0 4087 4087 3.481600
0 4096 4096 3.505152
1 256 256 0.009184
1 362 362 0.014336
1 443 443 0.019456
1 512 512 0.022560
1 572 572 0.026656
1 627 627 0.028672
1 677 677 0.032768
1 724 724 0.037888
1 768 768 0.041952
1 809 809 0.045056
1 849 849 0.049120
1 886 886 0.052224
1 923 923 0.057344
1 957 957 0.061440
1 991 991 0.063520
1 1024 1024 0.067584
1 1055 1055 0.070656
1 1086 1086 0.075776
1 1115 1115 0.080896
1 1144 1144 0.083968
1 1173 1173 0.087072
1 1200 1200 0.090112
1 1227 1227 0.093216
1 1254 1254 0.097280
1 1280 1280 0.101344
1 1305 1305 0.104480
1 1330 1330 0.108544
1 1354 1354 0.110592
1 1378 1378 0.114720
1 1402 1402 0.119808
1 1425 1425 0.123904
1 1448 1448 0.128000
1 1470 1470 0.130048
1 1492 1492 0.133120
1 1514 1514 0.139232
1 1536 1536 0.140256
1 1557 1557 0.144352
1 1578 1578 0.147488
1 1598 1598 0.150528
1 1619 1619 0.154624
1 1639 1639 0.157728
1 1659 1659 0.161824
1 1678 1678 0.165888
1 1698 1698 0.168992
1 1717 1717 0.173088
1 1736 1736 0.176096
1 1755 1755 0.180256
1 1773 1773 0.183264
1 1792 1792 0.186368
1 1810 1810 0.190464
1 1828 1828 0.194592
1 1846 1846 0.197632
1 1863 1863 0.199712
1 1881 1881 0.202752
1 1898 1898 0.206880
1 1915 1915 0.210944
1 1932 1932 0.215008
1 1949 1949 0.218080
1 1966 1966 0.222176
1 1982 1982 0.227296
1 1999 1999 0.230400
1 2015 2015 0.233472
1 2031 2031 0.236544
1 2048 2048 0.241664
1 2063 2063 0.244704
1 2079 2079 0.246752
1 2095 2095 0.249888
1 2111 2111 0.253952
1 2126 2126 0.257056
1 2141 2141 0.259072
1 2157 2157 0.263168
1 2172 2172 0.268288
1 2187 2187 0.270368
1 2202 2202 0.274432
1 2217 2217 0.278528
1 2231 2231 0.280544
1 2246 2246 0.285728
1 2260 2260 0.288768
1 2275 2275 0.292896
1 2289 2289 0.295968
1 2304 2304 0.300032
1 2318 2318 0.304096
1 2332 2332 0.306176
1 2346 2346 0.310272
1 2360 2360 0.313376
1 2374 2374 0.318464
1 2387 2387 0.319520
1 2401 2401 0.324576
1 2415 2415 0.331744
1 2428 2428 0.330752
1 2442 2442 0.333856
1 2455 2455 0.336928
1 2468 2468 0.339968
1 2482 2482 0.343040
1 2495 2495 0.347136
1 2508 2508 0.350176
1 2521 2521 0.355296
1 2534 2534 0.359456
1 2547 2547 0.360448
1 2560 2560 0.365600
1 2572 2572 0.369696
1 2585 2585 0.371680
1 2598 2598 0.376832
1 2610 2610 0.379936
1 2623 2623 0.381952
1 2635 2635 0.387040
1 2648 2648 0.388064
1 2660 2660 0.391168
1 2672 2672 0.394272
1 2684 2684 0.399360
1 2697 2697 0.402400
1 2709 2709 0.406560
1 2721 2721 0.409568
1 2733 2733 0.412704
1 2745 2745 0.416736
1 2757 2757 0.420864
1 2769 2769 0.423936
1 2780 2780 0.428000
1 2792 2792 0.432128
1 2804 2804 0.436256
1 2816 2816 0.438272
1 2827 2827 0.441376
1 2839 2839 0.444416
1 2850 2850 0.446496
1 2862 2862 0.451584
1 2873 2873 0.453600
1 2884 2884 0.456704
1 2896 2896 0.460832
1 2907 2907 0.461824
1 2918 2918 0.468000
1 2930 2930 0.471040
1 2941 2941 0.475136
1 2952 2952 0.477216
1 2963 2963 0.481312
1 2974 2974 0.484352
1 2985 2985 0.489472
1 2996 2996 0.494592
1 3007 3007 0.498688
1 3018 3018 0.498656
1 3029 3029 0.503808
1 3039 3039 0.505824
1 3050 3050 0.508896
1 3061 3061 0.514048
1 3072 3072 0.517120
1 3082 3082 0.521216
1 3093 3093 0.523296
1 3103 3103 0.526368
1 3114 3114 0.528352
1 3124 3124 0.533504
1 3135 3135 0.536544
1 3145 3145 0.537600
1 3156 3156 0.543776
1 3166 3166 0.546816
1 3176 3176 0.550880
1 3187 3187 0.552960
1 3197 3197 0.557056
1 3207 3207 0.562176
1 3217 3217 0.564224
1 3228 3228 0.567328
1 3238 3238 0.571424
1 3248 3248 0.575488
1 3258 3258 0.577536
1 3268 3268 0.580608
1 3278 3278 0.584704
1 3288 3288 0.588800
1 3298 3298 0.591872
1 3308 3308 0.593888
1 3318 3318 0.598048
1 3328 3328 0.602144
1 3337 3337 0.605184
1 3347 3347 0.607232
1 3357 3357 0.611296
1 3367 3367 0.615392
1 3376 3376 0.618496
1 3386 3386 0.621536
1 3396 3396 0.623584
1 3405 3405 0.629760
1 3415 3415 0.630816
1 3425 3425 0.636928
1 3434 3434 0.640992
1 3444 3444 0.643072
1 3453 3453 0.646144
1 3463 3463 0.651296
1 3472 3472 0.653280
1 3481 3481 0.657408
1 3491 3491 0.661472
1 3500 3500 0.665632
1 3510 3510 0.668640
1 3519 3519 0.669696
1 3528 3528 0.672768
1 3537 3537 0.676864
1 3547 3547 0.679968
1 3556 3556 0.684000
1 3565 3565 0.687136
1 3574 3574 0.689184
1 3584 3584 0.693280
1 3593 3593 0.698368
1 3602 3602 0.700416
1 3611 3611 0.704544
1 3620 3620 0.707584
1 3629 3629 0.711712
1 3638 3638 0.715776
1 3647 3647 0.718880
1 3656 3656 0.721888
1 3665 3665 0.724992
1 3674 3674 0.726016
1 3683 3683 0.733184
1 3692 3692 0.735232
1 3700 3700 0.738304
1 3709 3709 0.742400
1 3718 3718 0.746496
1 3727 3727 0.747520
1 3736 3736 0.752672
1 3744 3744 0.756768
1 3753 3753 0.757792
1 3762 3762 0.760864
1 3771 3771 0.766976
1 3779 3779 0.769024
1 3788 3788 0.774112
1 3797 3797 0.776192
1 3805 3805 0.779264
1 3814 3814 0.783328
1 3822 3822 0.785408
1 3831 3831 0.787456
1 3840 3840 0.792576
1 3848 3848 0.794656
1 3857 3857 0.799744
1 3865 3865 0.800768
1 3873 3873 0.806944
1 3882 3882 0.811008
1 3890 3890 0.813056
1 3899 3899 0.816096
1 3907 3907 0.821248
1 3916 3916 0.825344
1 3924 3924 0.828416
1 3932 3932 0.831520
1 3941 3941 0.833536
1 3949 3949 0.835552
1 3957 3957 0.838656
1 3965 3965 0.843776
1 3974 3974 0.847872
1 3982 3982 0.849888
1 3990 3990 0.852992
1 3998 3998 0.857056
1 4007 4007 0.861152
1 4015 4015 0.862240
1 4023 4023 0.869376
1 4031 4031 0.870400
1 4039 4039 0.873472
1 4047 4047 0.876544
1 4055 4055 0.881696
1 4063 4063 0.882720
1 4071 4071 0.888832
1 4079 4079 0.889888
1 4087 4087 0.896000
1 4096 4096 0.896000
2 256 256 0.009216
2 362 362 0.013312
2 443 443 0.019456
2 512 512 0.023520
2 572 572 0.027648
2 627 627 0.031744
2 677 677 0.034784
2 724 724 0.039968
2 768 768 0.044000
2 809 809 0.048128
2 849 849 0.050176
2 886 886 0.055296
2 923 923 0.058400
2 957 957 0.061408
2 991 991 0.065536
2 1024 1024 0.067584
2 1055 1055 0.071648
2 1086 1086 0.074720
2 1115 1115 0.077824
2 1144 1144 0.080864
2 1173 1173 0.084992
2 1200 1200 0.087040
2 1227 1227 0.091136
2 1254 1254 0.094176
2 1280 1280 0.097312
2 1305 1305 0.101408
2 1330 1330 0.104416
2 1354 1354 0.107520
2 1378 1378 0.110592
2 1402 1402 0.113664
2 1425 1425 0.115712
2 1448 1448 0.119840
2 1470 1470 0.122880
2 1492 1492 0.124928
2 1514 1514 0.128000
2 1536 1536 0.131072
2 1557 1557 0.133120
2 1578 1578 0.137216
2 1598 1598 0.139296
2 1619 1619 0.142304
2 1639 1639 0.145408
2 1659 1659 0.148480
2 1678 1678 0.151584
2 1698 1698 0.154624
2 1717 1717 0.157696
2 1736 1736 0.160768
2 1755 1755 0.163840
2 1773 1773 0.165856
2 1792 1792 0.168928
2 1810 1810 0.172032
2 1828 1828 0.174080
2 1846 1846 0.177152
2 1863 1863 0.181216
2 1881 1881 0.183264
2 1898 1898 0.185376
2 1915 1915 0.193568
2 1932 1932 0.191520
2 1949 1949 0.194528
2 1966 1966 0.196640
2 1982 1982 0.198656
2 1999 1999 0.203776
2 2015 2015 0.203776
2 2031 2031 0.206816
2 2048 2048 0.212000
2 2063 2063 0.212992
2 2079 2079 0.216064
2 2095 2095 0.219136
2 2111 2111 0.222176
2 2126 2126 0.225312
2 2141 2141 0.226272
2 2157 2157 0.230368
2 2172 2172 0.232480
2 2187 2187 0.235488
2 2202 2202 0.237536
2 2217 2217 0.244704
2 2231 2231 0.243680
2 2246 2246 0.246784
2 2260 2260 0.248864
2 2275 2275 0.251872
2 2289 2289 0.253984
2 2304 2304 0.257056
2 2318 2318 0.259072
2 2332 2332 0.261120
2 2346 2346 0.263136
2 2360 2360 0.266240
2 2374 2374 0.269312
2 2387 2387 0.272416
2 2401 2401 0.275456
2 2415 2415 0.277472
2 2428 2428 0.281632
2 2442 2442 0.287712
2 2455 2455 0.285664
2 2468 2468 0.288768
2 2482 2482 0.289760
2 2495 2495 0.292832
2 2508 2508 0.295904
2 2521 2521 0.297984
2 2534 2534 0.304160
2 2547 2547 0.303104
2 2560 2560 0.307232
2 2572 2572 0.307200
2 2585 2585 0.312352
2 2598 2598 0.313312
2 2610 2610 0.316416
2 2623 2623 0.318464
2 2635 2635 0.322528
2 2648 2648 0.324608
2 2660 2660 0.326656
2 2672 2672 0.328704
2 2684 2684 0.332832
2 2697 2697 0.335840
2 2709 2709 0.337920
2 2721 2721 0.339968
2 2733 2733 0.341984
2 2745 2745 0.345120
2 2757 2757 0.347136
2 2769 2769 0.351232
2 2780 2780 0.353280
2 2792 2792 0.357376
2 2804 2804 0.358400
2 2816 2816 0.360448
2 2827 2827 0.364544
2 2839 2839 0.366592
2 2850 2850 0.369632
2 2862 2862 0.370688
2 2873 2873 0.373760
2 2884 2884 0.375840
2 2896 2896 0.379936
2 2907 2907 0.380896
2 2918 2918 0.382944
2 2930 2930 0.388096
2 2941 2941 0.389120
2 2952 2952 0.391136
2 2963 2963 0.395296
2 2974 2974 0.396256
2 2985 2985 0.400384
2 2996 2996 0.401408
2 3007 3007 0.406528
2 3018 3018 0.406560
2 3029 3029 0.410656
2 3039 3039 0.412672
2 3050 3050 0.413696
2 3061 3061 0.417760
2 3072 3072 0.420832
2 3082 3082 0.423968
2 3093 3093 0.425952
2 3103 3103 0.428032
2 3114 3114 0.431136
2 3124 3124 0.433120
2 3135 3135 0.434208
2 3145 3145 0.439296
2 3156 3156 0.441312
2 3166 3166 0.444416
2 3176 3176 0.445440
2 3187 3187 0.448480
2 3197 3197 0.451584
2 3207 3207 0.453632
2 3217 3217 0.455712
2 3228 3228 0.458720
2 3238 3238 0.461824
2 3248 3248 0.463872
2 3258 3258 0.466912
2 3268 3268 0.469984
2 3278 3278 0.472064
2 3288 3288 0.476128
2 3298 3298 0.478208
2 3308 3308 0.479264
2 3318 3318 0.480256
2 3328 3328 0.486432
2 3337 3337 0.487456
2 3347 3347 0.491488
2 3357 3357 0.493568
2 3367 3367 0.494592
2 3376 3376 0.497664
2 3386 3386 0.497696
2 3396 3396 0.502784
2 3405 3405 0.502816
2 3415 3415 0.506912
2 3425 3425 0.510976
2 3434 3434 0.512000
2 3444 3444 0.515072
2 3453 3453 0.517120
2 3463 3463 0.519168
2 3472 3472 0.521216
2 3481 3481 0.525280
2 3491 3491 0.528352
2 3500 3500 0.528352
2 3510 3510 0.533504
2 3519 3519 0.533504
2 3528 3528 0.536576
2 3537 3537 0.540640
2 3547 3547 0.541696
2 3556 3556 0.543712
2 3565 3565 0.548864
2 3574 3574 0.549888
2 3584 3584 0.552992
2 3593 3593 0.554976
2 3602 3602 0.557088
2 3611 3611 0.558048
2 3620 3620 0.562176
2 3629 3629 0.566304
2 3638 3638 0.567296
2 3647 3647 0.569344
2 3656 3656 0.572416
2 3665 3665 0.575488
2 3674 3674 0.578528
2 3683 3683 0.580608
2 3692 3692 0.581632
2 3700 3700 0.584704
2 3709 3709 0.588768
2 3718 3718 0.590816
2 3727 3727 0.592896
2 3736 3736 0.593920
2 3744 3744 0.594944
2 3753 3753 0.599072
2 3762 3762 0.601088
2 3771 3771 0.604128
2 3779 3779 0.605184
2 3788 3788 0.608256
2 3797 3797 0.610304
2 3805 3805 0.613408
2 3814 3814 0.615424
2 3822 3822 0.617472
2 3831 3831 0.621600
2 3840 3840 0.621600
2 3848 3848 0.625696
2 3857 3857 0.629728
2 3865 3865 0.631808
2 3873 3873 0.632832
2 3882 3882 0.639008
2 3890 3890 0.637952
2 3899 3899 0.640992
2 3907 3907 0.643104
2 3916 3916 0.646176
2 3924 3924 0.648160
2 3932 3932 0.650240
2 3941 3941 0.654336
2 3949 3949 0.654336
2 3957 3957 0.657408
2 3965 3965 0.660448
2 3974 3974 0.663520
2 3982 3982 0.666656
2 3990 3990 0.667648
2 3998 3998 0.671744
2 4007 4007 0.672768
2 4015 4015 0.675872
2 4023 4023 0.677856
2 4031 4031 0.680928
2 4039 4039 0.684064
2 4047 4047 0.684000
2 4055 4055 0.685056
2 4063 4063 0.690176
2 4071 4071 0.692224
2 4079 4079 0.694240
2 4087 4087 0.696288
2 4096 4096 0.700384
