256 256 0.035840
362 362 0.016416
443 443 0.017408
512 512 0.022528
572 572 0.023584
627 627 0.029664
677 677 0.034816
724 724 0.037920
768 768 0.041952
809 809 0.045056
849 849 0.051168
886 886 0.056320
923 923 0.060416
957 957 0.064512
991 991 0.068608
1024 1024 0.076832
1055 1055 0.084992
1086 1086 0.094240
1115 1115 0.103424
1144 1144 0.113664
1173 1173 0.122848
1200 1200 0.131072
1227 1227 0.138272
1254 1254 0.147456
1280 1280 0.157696
1305 1305 0.166944
1330 1330 0.172000
1354 1354 0.181280
1378 1378 0.189472
1402 1402 0.197600
1425 1425 0.207872
1448 1448 0.215040
1470 1470 0.219104
1492 1492 0.228352
1514 1514 0.234464
1536 1536 0.239648
1557 1557 0.243712
1578 1578 0.256000
1598 1598 0.260128
1619 1619 0.270336
1639 1639 0.272384
1659 1659 0.279552
1678 1678 0.287776
1698 1698 0.295968
1717 1717 0.302048
1736 1736 0.311328
1755 1755 0.315392
1773 1773 0.318464
1792 1792 0.326688
1810 1810 0.329728
1828 1828 0.336896
1846 1846 0.350208
1863 1863 0.360448
1881 1881 0.364576
1898 1898 0.370720
1915 1915 0.376832
1932 1932 0.378880
1949 1949 0.387072
1966 1966 0.394240
1982 1982 0.395296
1999 1999 0.403456
2015 2015 0.404480
2031 2031 0.416768
2048 2048 0.419808
2063 2063 0.428000
2079 2079 0.433184
2095 2095 0.441376
2111 2111 0.447456
2126 2126 0.453664
2141 2141 0.461824
2157 2157 0.465952
2172 2172 0.469024
2187 2187 0.482304
2202 2202 0.488448
2217 2217 0.500768
2231 2231 0.499744
2246 2246 0.501760
2260 2260 0.510976
2275 2275 0.523232
2289 2289 0.528416
2304 2304 0.535552
2318 2318 0.543776
2332 2332 0.547840
2346 2346 0.553952
2360 2360 0.569344
2374 2374 0.573408
2387 2387 0.581632
2401 2401 0.587776
2415 2415 0.596992
2428 2428 0.596992
2442 2442 0.603136
2455 2455 0.609280
2468 2468 0.616448
2482 2482 0.619520
2495 2495 0.629728
2508 2508 0.633888
2521 2521 0.635904
2534 2534 0.645152
2547 2547 0.652256
2560 2560 0.659456
2572 2572 0.666656
2585 2585 0.676864
2598 2598 0.680992
2610 2610 0.688128
2623 2623 0.696288
2635 2635 0.699392
2648 2648 0.707584
2660 2660 0.714720
2672 2672 0.720928
2684 2684 0.736256
2697 2697 0.736256
2709 2709 0.748576
2721 2721 0.753664
2733 2733 0.753664
2745 2745 0.771072
2757 2757 0.768992
2769 2769 0.775136
2780 2780 0.784416
2792 2792 0.793600
2804 2804 0.796672
2816 2816 0.801760
2827 2827 0.809984
2839 2839 0.818176
2850 2850 0.821216
2862 2862 0.829408
2873 2873 0.834592
2884 2884 0.845824
2896 2896 0.846880
2907 2907 0.858144
2918 2918 0.862176
2930 2930 0.872480
2941 2941 0.880640
2952 2952 0.886816
2963 2963 0.881664
2974 2974 0.887808
2985 2985 0.892928
2996 2996 0.894976
3007 3007 0.903168
3018 3018 0.907296
3029 3029 0.913408
3039 3039 0.920544
3050 3050 0.924672
3061 3061 0.934912
3072 3072 0.941056
3082 3082 0.949248
3093 3093 0.952288
3103 3103 0.960512
3114 3114 0.965632
3124 3124 0.971776
3135 3135 0.972800
3145 3145 0.988128
3156 3156 0.990240
3166 3166 0.995328
3176 3176 0.997344
3187 3187 1.011712
3197 3197 1.011712
3207 3207 1.024000
3217 3217 1.032224
3228 3228 1.038336
3238 3238 1.041408
3248 3248 1.051616
3258 3258 1.061856
3268 3268 1.062912
3278 3278 1.069056
3288 3288 1.073120
3298 3298 1.082368
3308 3308 1.087456
3318 3318 1.097728
3328 3328 1.099776
3337 3337 1.109024
3347 3347 1.113056
3357 3357 1.127456
3367 3367 1.131488
3376 3376 1.136608
3386 3386 1.141792
3396 3396 1.151008
3405 3405 1.156128
3415 3415 1.165344
3425 3425 1.170432
3434 3434 1.174528
3444 3444 1.188864
3453 3453 1.188864
3463 3463 1.197056
3472 3472 1.200096
3481 3481 1.206272
3491 3491 1.215456
3500 3500 1.217536
3510 3510 1.226720
3519 3519 1.233888
3528 3528 1.229824
3537 3537 1.243136
3547 3547 1.245184
3556 3556 1.255424
3565 3565 1.257472
3574 3574 1.267744
3584 3584 1.272832
3593 3593 1.276896
3602 3602 1.288224
3611 3611 1.289248
3620 3620 1.293344
3629 3629 1.300480
3638 3638 1.307616
3647 3647 1.315840
3656 3656 1.320992
3665 3665 1.325056
3674 3674 1.339424
3683 3683 1.345536
3692 3692 1.355776
3700 3700 1.364000
3709 3709 1.372128
3718 3718 1.371104
3727 3727 1.387488
3736 3736 1.393632
3744 3744 1.401888
3753 3753 1.401824
3762 3762 1.411040
3771 3771 1.420320
3779 3779 1.423360
3788 3788 1.428480
3797 3797 1.438752
3805 3805 1.441824
3814 3814 1.445888
3822 3822 1.460192
3831 3831 1.465312
3840 3840 1.475584
3848 3848 1.475584
3857 3857 1.482720
3865 3865 1.490912
3873 3873 1.513440
3882 3882 1.506336
3890 3890 1.509408
3899 3899 1.525760
3907 3907 1.528864
3916 3916 1.529888
3924 3924 1.536000
3932 3932 1.546272
3941 3941 1.546240
3949 3949 1.541088
3957 3957 1.549312
3965 3965 1.555488
3974 3974 1.567744
3982 3982 1.570816
3990 3990 1.583072
3998 3998 1.589280
4007 4007 1.592320
4015 4015 1.599488
4023 4023 1.614848
4031 4031 1.613856
4039 4039 1.616864
4047 4047 1.622016
4055 4055 1.633280
4063 4063 1.637344
4071 4071 1.646624
4079 4079 1.657856
4087 4087 1.654816
4096 4096 1.662944
