92
0 521.594497 402.129138 152.118704 402.129138 152.637735 382.551871 0
0 521.594497 402.129138 152.118704 402.129138 152.637735 421.706405 1
1 152.637735 382.551871 156.896614 382.551871
0 521.594497 402.129138 152.637735 421.706405 156.896614 461.355955 1
1 156.896614 382.551871 174.005831 382.551871
0 530.741916 400.643601 156.896614 461.355955 174.005831 527.866498 1
1 174.005831 382.551871 203.491495 382.551871
0 562.285593 389.394170 174.005831 527.866498 203.491495 592.378293 1
1 203.491495 382.551871 241.466457 382.551871
0 354.728712 177.584832 203.491495 592.378293 241.466457 604.314222 1
1 241.466457 382.551871 278.857114 382.551871
0 343.321490 220.562933 241.466457 604.314222 278.857114 612.333075 1
1 278.857114 382.551871 293.346171 382.551871
0 338.810893 247.975242 278.857114 612.333075 293.346171 614.423117 1
0 445.699730 382.551871 293.346171 382.551871 295.693501 409.192784 1
0 338.810893 247.975242 293.346171 614.423117 295.693501 614.706719 1
0 442.630004 383.097051 295.693501 409.192784 306.367177 443.955617 1
0 338.810893 247.975242 295.693501 614.706719 306.367177 615.804674 1
0 446.978150 381.155054 306.367177 443.955617 325.336736 475.594044 1
0 338.810893 247.975242 306.367177 615.804674 325.336736 616.986804 1
0 353.747219 310.137544 325.336736 475.594044 351.194982 477.996100 1
0 338.810893 247.975242 325.336736 616.986804 351.194982 617.024995 1
0 353.747219 310.137544 351.194982 477.996100 357.389741 477.975981 1
0 340.480800 297.739007 351.194982 617.024995 357.389741 616.756912 1
0 354.756686 356.651266 357.389741 477.975981 385.481735 474.050545 1
0 340.480800 297.739007 357.389741 616.756912 385.481735 614.019344 1
0 358.350158 370.381792 385.481735 474.050545 401.766923 468.352795 1
0 340.480800 297.739007 385.481735 614.019344 401.766923 611.271058 1
0 365.171299 385.773866 401.766923 468.352795 415.929943 460.487180 1
0 340.480800 297.739007 401.766923 611.271058 415.929943 608.167361 1
0 370.568396 393.718029 415.929943 460.487180 419.125732 458.200388 1
0 340.480800 297.739007 415.929943 608.167361 419.125732 607.373163 1
0 370.568396 393.718029 419.125732 458.200388 437.245852 439.214252 1
0 344.125040 312.086800 419.125732 607.373163 437.245852 602.168951 1
0 377.806457 398.656796 437.245852 439.214252 448.445621 412.370198 1
0 344.125040 312.086800 437.245852 602.168951 448.445621 598.332073 1
1 448.445621 412.370198 483.692671 412.370198
0 344.125040 312.086800 448.445621 598.332073 483.692671 582.900419 1
1 483.692671 412.370198 540.445642 412.370198
0 347.872080 319.357464 483.692671 582.900419 540.445642 544.784937 1
1 540.445642 412.370198 579.127947 412.370198
0 344.171378 315.025405 540.445642 544.784937 579.127947 505.047613 1
1 579.127947 412.370198 598.339139 412.370198
0 325.608393 300.012506 579.127947 505.047613 598.339139 478.700782 1
0 301.016009 518.782715 598.339139 412.370198 603.243924 427.224238 0
0 325.608393 300.012506 598.339139 478.700782 603.243924 470.980549 1
0 264.879377 529.730131 603.243924 427.224238 611.009668 457.675665 0
0 325.608393 300.012506 603.243924 470.980549 611.009668 457.675665 1
0 521.594497 402.129138 152.637735 382.551871 152.965773 377.124632 0
1 152.637735 382.551871 152.965773 382.551871
0 526.842215 402.485097 152.965773 377.124632 168.228322 293.752293 0
1 152.965773 382.551871 168.228322 382.551871
0 541.842428 407.033206 168.228322 293.752293 201.022732 216.607367 0
1 168.228322 382.551871 201.022732 382.551871
0 590.595642 434.273040 201.022732 216.607367 251.430921 144.251162 0
1 201.022732 382.551871 251.430921 382.551871
0 614.820297 454.987694 251.430921 144.251162 283.252725 110.499703 0
1 251.430921 382.551871 283.252725 382.551871
0 650.343765 491.895428 283.252725 110.499703 293.346171 101.035800 0
1 283.252725 382.551871 293.346171 382.551871
0 650.343765 491.895428 293.346171 101.035800 293.370512 101.013569 0
0 445.699730 382.551872 293.346171 382.551871 293.370512 379.828578 0
0 650.343765 491.895428 293.370512 101.013569 296.696639 98.001735 0
0 458.424129 382.779354 293.370512 379.828578 296.696639 349.679164 0
0 650.343765 491.895428 296.696639 98.001735 308.385263 87.812622 0
0 469.870616 385.122066 296.696639 349.679164 308.385263 313.233914 0
0 650.343765 491.895428 308.385263 87.812622 319.468679 78.688206 0
0 504.352448 400.472283 308.385263 313.233914 319.468679 291.698838 0
1 319.468679 78.688206 328.678166 102.514480
0 504.352448 400.472283 319.468679 291.698838 328.678166 277.377941 0
1 328.678166 102.514480 342.139160 137.340017
0 520.446576 411.749381 328.678166 277.377941 342.139160 259.969039 0
1 342.139160 137.340017 357.849368 177.984597
0 544.157494 431.932788 342.139160 259.969039 357.849368 243.061878 0
1 357.849368 177.984597 382.921240 242.849154
0 372.419669 482.728092 357.849368 243.061878 382.921240 242.849154 0
0 372.419669 482.728092 382.921240 242.849154 401.141374 244.343421 0
1 382.921240 242.849154 401.141374 289.987275
0 374.153044 468.341407 401.141374 244.343421 442.444854 253.307232 0
1 401.141374 289.987275 442.444854 396.845347
0 374.820850 466.238649 442.444854 253.307232 448.445621 255.306936 0
1 442.444854 396.845347 448.445621 412.370198
0 374.820850 466.238649 448.445621 255.306936 490.210126 274.932325 0
1 448.445621 412.370198 490.210126 412.370198
0 369.139429 475.657998 490.210126 274.932325 532.470311 307.515402 0
1 490.210126 412.370198 532.470311 412.370198
0 359.444167 485.638881 532.470311 307.515402 566.562779 348.642894 0
1 532.470311 412.370198 566.562779 412.370198
0 322.945780 509.780278 566.562779 348.642894 593.150737 398.857871 0
1 566.562779 412.370198 593.150737 412.370198
0 301.016009 518.782715 593.150737 398.857871 598.339139 412.370198 0
1 593.150737 412.370198 598.339139 412.370198
}

