324
0 592.330715 452.714935 115.984824 452.714935 116.056467 444.453646 0
0 592.330715 452.714935 115.984824 452.714935 116.056467 460.976225 1
1 116.056467 444.453646 137.827239 444.453646
0 592.330715 452.714935 116.056467 460.976225 137.827239 595.305252 1
1 137.827239 444.453646 142.360461 444.453646
0 399.730574 183.674639 137.827239 595.305252 142.360461 598.154728 1
0 575.378589 444.453646 142.360461 444.453646 164.640581 581.563046 1
0 399.730574 183.674639 142.360461 598.154728 164.640581 611.185825 1
0 395.986001 202.910089 164.640581 581.563046 266.761778 627.409636 1
0 399.730574 183.674639 164.640581 611.185825 266.761778 653.091744 1
0 395.986001 202.910089 266.761778 627.409636 282.724283 631.944526 1
0 378.059185 260.180715 266.761778 653.091744 282.724283 657.266909 1
0 377.411886 273.268683 282.724283 631.944526 397.945862 643.663686 1
0 378.059185 260.180715 282.724283 657.266909 397.945862 668.066372 1
0 377.411886 273.268683 397.945862 643.663686 402.091734 643.410558 1
0 378.608020 271.437596 397.945862 668.066372 402.091734 667.842507 1
0 378.113154 283.786123 402.091734 643.410558 543.760129 603.888898 1
0 378.608020 271.437596 402.091734 667.842507 543.760129 632.565162 1
0 351.386767 232.138994 543.760129 603.888898 554.776666 597.977825 1
0 378.608020 271.437596 543.760129 632.565162 554.776666 627.320928 1
0 351.386767 232.138994 554.776666 597.977825 660.841951 513.995323 1
0 349.858771 213.360413 554.776666 627.320928 660.841951 554.892423 1
1 660.841951 513.995323 688.667076 527.308791
0 349.858771 213.360413 660.841951 554.892423 688.667076 527.308791 1
0 592.330715 452.714935 116.056467 444.453646 117.146808 419.463424 0
1 116.056467 444.453646 117.146808 444.453646
0 525.473710 448.036544 117.146808 419.463424 142.360461 303.913261 0
1 117.146808 444.453646 142.360461 444.453646
0 525.473710 448.036544 142.360461 303.913261 142.946852 302.364017 0
0 575.378589 444.453646 142.360461 444.453646 142.946852 421.926066 0
0 525.473710 448.036544 142.946852 302.364017 162.554364 258.730363 0
0 515.090909 441.312952 142.946852 421.926066 162.554364 320.544435 0
0 535.681819 453.361303 162.554364 258.730363 181.675451 225.798582 0
0 515.090909 441.312952 162.554364 320.544435 181.675451 274.876230 0
0 535.681819 453.361303 181.675451 225.798582 244.164707 149.843471 0
0 524.739498 446.129404 181.675451 274.876230 244.164707 184.789822 0
0 592.321140 512.332262 244.164707 149.843471 254.237284 140.431292 0
0 524.739498 446.129404 244.164707 184.789822 254.237284 174.377417 0
0 592.321140 512.332262 254.237284 140.431292 360.832145 66.211348 0
0 577.662835 499.297257 254.237284 174.377417 360.832145 95.364786 0
0 592.321140 512.332262 360.832145 66.211348 362.671467 65.261739 0
0 268.646325 533.226473 360.832145 95.364786 362.671467 95.756068 0
0 252.885315 543.613441 362.671467 65.261739 514.466326 128.343981 0
0 268.646325 533.226473 362.671467 95.756068 514.466326 159.336637 0
0 252.885315 543.613441 514.466326 128.343981 529.746167 138.371021 0
0 303.029186 480.930475 514.466326 159.336637 529.746167 169.919749 0
0 291.943287 486.444120 529.746167 138.371021 625.331368 228.456757 0
0 303.029186 480.930475 529.746167 169.919749 625.331368 270.574670 0
0 291.943287 486.444120 625.331368 228.456757 648.990338 262.340361 0
0 293.794854 486.957414 625.331368 270.574670 648.990338 312.102846 0
0 281.985658 492.694114 648.990338 262.340361 677.041614 314.688275 0
0 293.794854 486.957414 648.990338 312.102846 677.041614 387.660520 0
0 281.985658 492.694114 677.041614 314.688275 692.166078 353.025542 0
0 218.997567 506.336934 677.041614 387.660520 692.166078 506.336934 0
0 281.985658 492.694114 692.166078 353.025542 703.310487 391.497890 0
1 692.166078 506.336934 703.310487 506.336934
0 200.294254 512.315226 703.310487 391.497890 717.581813 506.336934 0
1 703.310487 506.336934 717.581813 506.336934
0 558.207603 436.780043 168.517126 436.780043 168.581456 429.699559 0
0 558.207603 436.780043 168.517126 436.780043 168.581456 443.860526 1
1 168.581456 429.699559 190.911038 429.699559
0 558.207603 436.780043 168.581456 443.860526 190.911038 566.979508 1
1 190.911038 429.699559 194.469632 429.699559
0 392.886670 222.205235 190.911038 566.979508 194.469632 569.039683 1
0 540.832627 429.699559 194.469632 429.699559 216.617985 551.569120 1
0 392.886670 222.205235 194.469632 569.039683 216.617985 580.803626 1
0 390.432856 241.544015 216.617985 551.569120 297.934680 584.722194 1
0 392.886670 222.205235 216.617985 580.803626 297.934680 610.338685 1
0 390.432856 241.544015 297.934680 584.722194 312.382172 588.293587 1
0 377.197701 286.336738 297.934680 610.338685 312.382172 613.535203 1
0 377.415636 299.374585 312.382172 588.293587 405.408007 594.196511 1
0 377.197701 286.336738 312.382172 613.535203 405.408007 618.698087 1
0 377.415636 299.374585 405.408007 594.196511 407.894065 593.949884 1
0 378.027489 296.112932 405.408007 618.698087 407.894065 618.477420 1
0 378.350312 308.408272 407.894065 593.949884 519.518794 558.364878 1
0 378.027489 296.112932 407.894065 618.477420 519.518794 587.302021 1
0 356.292453 269.352050 519.518794 558.364878 532.003572 550.949025 1
0 378.027489 296.112932 519.518794 587.302021 532.003572 580.897484 1
0 356.292453 269.352050 532.003572 550.949025 606.165799 487.834462 1
0 353.532252 250.808072 532.003572 580.897484 606.165799 528.273967 1
1 606.165799 487.834462 633.345570 500.839149
0 353.532252 250.808072 606.165799 528.273967 633.345570 500.839149 1
0 558.207603 436.780043 168.581456 429.699559 168.742545 423.527256 0
1 168.581456 429.699559 168.742545 429.699559
0 504.519359 434.953129 168.742545 423.527256 194.469632 305.547619 0
1 168.742545 429.699559 194.469632 429.699559
0 504.519359 434.953129 194.469632 305.547619 194.512223 305.445619 0
0 540.832627 429.699558 194.469632 429.699559 194.512223 424.267957 0
0 504.519359 434.953129 194.512223 305.445619 201.266287 290.335725 0
0 493.767900 428.961407 194.512223 424.267957 201.266287 365.567442 0
0 513.594710 439.281045 201.266287 290.335725 221.309141 254.070629 0
0 493.767900 428.961407 201.266287 365.567442 221.309141 305.097720 0
0 513.594710 439.281045 221.309141 254.070629 265.086791 198.495733 0
0 502.256897 432.820628 221.309141 305.097720 265.086791 235.348798 0
0 562.625667 486.788321 265.086791 198.495733 276.701997 186.972288 0
0 502.256897 432.820628 265.086791 235.348798 276.701997 222.179298 0
0 562.625667 486.788321 276.701997 186.972288 359.993498 125.426725 0
0 547.223338 474.813911 276.701997 222.179298 359.993498 155.516196 0
0 284.011880 522.352770 359.993498 125.426725 360.153486 125.457384 0
0 547.223338 474.813911 359.993498 155.516196 360.153486 155.422437 0
0 284.011880 522.352770 360.153486 125.457384 486.151144 172.405332 0
0 298.969813 511.002445 360.153486 155.422437 486.151144 202.548667 0
0 284.011880 522.352770 486.151144 172.405332 499.931271 180.735575 0
0 324.539084 468.867161 486.151144 202.548667 499.931271 211.415070 0
0 313.897202 475.069662 499.931271 180.735575 579.091974 249.430652 0
0 324.539084 468.867161 499.931271 211.415070 579.091974 289.293152 0
0 313.897202 475.069662 579.091974 249.430652 602.025720 279.562151 0
0 316.720575 474.382719 579.091974 289.293152 602.025720 327.080740 0
0 305.376038 480.851635 602.025720 279.562151 624.418307 317.356923 0
0 316.720575 474.382719 602.025720 327.080740 624.418307 382.627586 0
0 305.376038 480.851635 624.418307 317.356923 640.467012 353.444692 0
0 255.605822 492.607072 624.418307 382.627586 640.467012 492.633371 0
0 305.376038 480.851635 640.467012 353.444692 650.736827 384.703753 0
1 640.467012 492.633371 650.736827 492.622954
0 237.439518 499.765052 650.736827 384.703753 666.394681 492.607072 0
1 650.736827 492.622954 666.394681 492.607072
0 482.845200 423.341902 220.234256 424.149615 220.285364 418.098510 0
0 523.268598 423.217571 220.234256 424.149615 220.285364 428.860393 1
1 220.285364 418.098510 241.741133 418.098510
0 523.268598 423.217571 220.285364 428.860393 241.741133 535.346817 1
1 241.741133 418.098510 245.830032 418.098510
0 388.624147 260.910511 241.741133 535.346817 245.830032 537.496387 1
0 471.759535 418.098509 245.830032 418.098510 245.887053 423.174160 1
0 388.624147 260.910511 245.830032 537.496387 245.887053 537.525818 1
0 505.530502 417.339632 245.887053 423.174160 266.260539 518.327983 1
0 388.624147 260.910511 245.887053 537.525818 266.260539 547.122064 1
0 387.459172 280.289103 266.260539 518.327983 326.056401 540.253171 1
0 388.624147 260.910511 266.260539 547.122064 326.056401 565.828833 1
0 387.459172 280.289103 326.056401 540.253171 338.947454 542.964245 1
0 378.064443 312.372288 326.056401 565.828833 338.947454 568.135690 1
0 379.142613 325.320559 338.947454 542.964245 409.549760 544.546083 1
0 378.064443 312.372288 338.947454 568.135690 409.549760 569.186874 1
0 379.142613 325.320559 409.549760 544.546083 410.375416 544.429977 1
0 379.080842 320.662701 409.549760 569.186874 410.375416 569.084256 1
0 380.218362 332.867327 410.375416 544.429977 492.413781 514.747482 1
0 379.080842 320.662701 410.375416 569.084256 492.413781 543.929950 1
0 363.646038 306.001910 492.413781 514.747482 506.317999 505.502679 1
0 379.080842 320.662701 492.413781 543.929950 506.317999 536.308998 1
0 363.646038 306.001910 506.317999 505.502679 552.700246 462.252836 1
0 359.664569 287.755274 506.317999 536.308998 552.700246 502.285947 1
1 552.700246 462.252836 579.289264 474.974865
0 359.664569 287.755274 552.700246 502.285947 579.289264 474.974865 1
0 482.845200 423.341902 220.285364 418.098510 241.786041 319.151488 0
1 220.285364 418.098510 241.786041 418.098510
0 490.735370 426.752185 241.786041 319.151488 245.830032 310.240152 0
1 241.786041 418.098510 245.830032 418.098510
0 490.735370 426.752185 245.830032 310.240152 262.678784 279.973876 0
0 471.759535 418.098510 245.830032 418.098510 262.678784 332.486711 0
0 490.735370 426.752185 262.678784 279.973876 289.071245 245.409253 0
0 479.039110 421.079260 262.678784 332.486711 289.071245 284.797785 0
0 531.469765 463.381876 289.071245 245.409253 302.182462 231.656953 0
0 479.039110 421.079260 289.071245 284.797785 302.182462 268.167009 0
0 531.469765 463.381876 302.182462 231.656953 361.309503 185.326859 0
0 515.379088 452.499214 302.182462 268.167009 361.309503 216.504032 0
0 313.508008 499.185728 361.309503 185.326859 363.458387 185.661675 0
0 515.379088 452.499214 361.309503 216.504032 363.458387 215.115003 0
0 313.508008 499.185728 363.458387 185.661675 460.894072 217.992342 0
0 327.614253 486.912858 363.458387 215.115003 460.894072 247.339559 0
0 313.508008 499.185728 460.894072 217.992342 473.135654 224.756526 0
0 345.112796 455.458857 460.894072 247.339559 473.135654 254.637808 0
0 334.946835 462.328451 473.135654 224.756526 534.413359 273.252607 0
0 345.112796 455.458857 473.135654 254.637808 534.413359 310.945042 0
0 334.946835 462.328451 534.413359 273.252607 556.548481 299.757606 0
0 338.667045 460.379603 534.413359 310.945042 556.548481 345.597255 0
0 327.820173 467.556695 556.548481 299.757606 571.828708 322.874255 0
0 338.667045 460.379603 556.548481 345.597255 571.828708 381.114563 0
0 327.820173 467.556695 571.828708 322.874255 587.385682 353.106183 0
0 291.056379 476.565203 571.828708 381.114563 587.385682 465.038315 0
0 327.820173 467.556695 587.385682 353.106183 598.108219 381.431521 0
1 587.385682 465.038315 598.108219 465.038315
0 273.482566 484.870949 598.108219 381.431521 613.612242 465.038315 0
1 598.108219 465.038315 613.612242 465.038315
0 460.518316 413.234913 271.275259 413.234913 271.328302 408.754607 0
0 460.518316 413.234913 271.275259 413.234913 271.328302 417.715219 1
1 271.328302 408.754607 271.449076 408.754607
0 460.518316 413.234913 271.328302 417.715219 271.449076 421.344002 1
1 271.449076 408.754607 290.156612 408.754607
0 487.633342 412.071963 271.449076 421.344002 290.156612 500.528441 1
1 290.156612 408.754607 296.576786 408.754607
0 386.935001 299.664826 290.156612 500.528441 296.576786 503.497211 1
0 449.126970 408.754607 296.576786 408.754607 296.898847 418.662028 1
0 386.935001 299.664826 296.576786 503.497211 296.898847 503.639675 1
0 469.592129 407.422679 296.898847 418.662028 313.410126 481.964444 1
0 386.935001 299.664826 296.898847 503.639675 313.410126 510.155541 1
0 387.045660 319.024305 313.410126 481.964444 351.045870 494.169090 1
0 386.935001 299.664826 313.410126 510.155541 351.045870 519.719861 1
0 387.045660 319.024305 351.045870 494.169090 362.342640 496.115924 1
0 380.648378 338.211401 351.045870 519.719861 362.342640 521.204651 1
0 382.579734 351.039742 362.342640 496.115924 409.540236 495.018108 1
0 380.648378 338.211401 362.342640 521.204651 409.540236 519.834335 1
0 383.714230 357.098339 409.540236 495.018108 410.371821 494.859792 1
0 380.648378 338.211401 409.540236 519.834335 410.371821 519.700096 1
0 383.714230 357.098339 410.371821 494.859792 462.547403 473.176657 1
0 381.762534 345.014340 410.371821 519.700096 462.547403 502.518022 1
0 373.432377 341.958771 462.547403 473.176657 477.819127 461.386691 1
0 381.762534 345.014340 462.547403 502.518022 477.819127 493.697681 1
0 373.432377 341.958771 477.819127 461.386691 500.291210 437.176721 1
0 368.235123 324.075635 477.819127 493.697681 500.291210 476.854829 1
1 500.291210 437.176721 526.378182 449.658537
0 368.235123 324.075635 500.291210 476.854829 526.378182 449.658537 1
0 460.518316 413.234913 271.328302 408.754607 283.968945 345.093485 0
1 271.328302 408.754607 283.968945 408.754607
0 467.176353 415.804666 283.968945 345.093485 296.576786 318.537954 0
1 283.968945 408.754607 296.576786 408.754607
0 467.176353 415.804666 296.576786 318.537954 305.637885 304.133950 0
0 449.126970 408.754607 296.576786 408.754607 305.637885 356.962320 0
0 467.176353 415.804666 305.637885 304.133950 316.023165 290.434257 0
0 455.153564 410.929902 305.637885 356.962320 316.023165 334.052270 0
0 498.965662 442.171550 316.023165 290.434257 330.580460 274.425948 0
0 455.153564 410.929902 316.023165 334.052270 330.580460 312.192979 0
0 498.965662 442.171550 330.580460 274.425948 366.596415 244.761962 0
0 482.244030 432.401867 330.580460 312.192979 366.596415 277.232140 0
0 341.275928 474.193867 366.596415 244.761962 370.719309 245.254544 0
0 482.244030 432.401867 366.596415 277.232140 370.719309 274.242922 0
0 341.275928 474.193867 370.719309 245.254544 438.767503 264.967867 0
0 354.479238 461.038120 370.719309 274.242922 438.767503 293.551780 0
0 341.275928 474.193867 438.767503 264.967867 449.435226 270.277972 0
0 364.691709 440.745266 438.767503 293.551780 449.435226 299.424065 0
0 355.029827 448.263237 449.435226 270.277972 491.439473 299.994756 0
0 364.691709 440.745266 449.435226 299.424065 491.439473 335.444981 0
0 355.029827 448.263237 491.439473 299.994756 512.704483 322.844590 0
0 359.576342 444.995042 491.439473 335.444981 512.704483 367.917979 0
0 349.254230 452.857302 512.704483 322.844590 519.449817 331.808748 0
0 359.576342 444.995042 512.704483 367.917979 519.449817 383.111498 0
0 349.254230 452.857302 519.449817 331.808748 532.784014 353.177270 0
0 325.246959 458.283199 519.449817 383.111498 532.784014 441.139527 0
0 349.254230 452.857302 532.784014 353.177270 545.601884 381.675218 0
1 532.784014 441.139527 545.601884 441.139527
0 308.314773 467.699119 545.601884 381.675218 559.312527 441.139527 0
1 545.601884 441.139527 559.312527 441.139527
0 437.585729 404.661063 321.740788 404.661063 321.757864 402.672125 0
0 437.585729 404.661063 321.740788 404.661063 321.757864 406.650001 1
1 321.757864 402.672125 322.214943 402.672125
0 437.585729 404.661063 321.757864 406.650001 322.214943 415.131597 1
1 322.214943 402.672125 336.002225 402.672125
0 451.422081 403.405338 322.214943 415.131597 336.002225 462.652671 1
1 336.002225 402.672125 347.400276 402.672125
0 387.777641 338.358939 336.002225 462.652671 347.400276 466.808516 1
0 428.509877 402.672125 347.400276 402.672125 357.914437 442.610217 1
0 387.777641 338.358939 347.400276 466.808516 357.914437 469.651797 1
0 385.528669 367.387200 357.914437 442.610217 372.829225 446.505923 1
0 387.777641 338.358939 357.914437 469.651797 372.829225 472.172878 1
0 385.528669 367.387200 372.829225 446.505923 407.882386 444.337571 1
0 384.934660 363.808498 372.829225 472.172878 407.882386 470.404850 1
0 385.528669 367.387200 407.882386 444.337571 410.470916 443.537922 1
0 386.078174 369.120331 407.882386 470.404850 410.470916 469.812792 1
0 389.367537 379.107577 410.470916 443.537922 446.612352 415.434608 1
0 386.078174 369.120331 410.470916 469.812792 446.612352 453.201190 1
0 389.367537 379.107577 446.612352 415.434608 448.445621 412.370198 1
0 379.245043 359.629237 446.612352 453.201190 448.445621 451.853662 1
1 448.445621 412.370198 474.375696 424.776943
0 379.245043 359.629237 448.445621 451.853662 474.375696 424.776943 1
0 437.585729 404.661063 321.757864 402.672125 327.666760 368.084151 0
1 321.757864 402.672125 327.666760 402.672125
0 442.972454 406.453563 327.666760 368.084151 345.841049 333.425452 0
1 327.666760 402.672125 345.841049 402.672125
0 465.228650 423.186853 345.841049 333.425452 347.400276 331.388255 0
1 345.841049 402.672125 347.400276 402.672125
0 465.228650 423.186853 347.400276 331.388255 349.348612 328.940764 0
0 428.509877 402.672125 347.400276 402.672125 349.348612 385.001199 0
0 465.228650 423.186853 349.348612 328.940764 375.822237 303.533179 0
0 440.561570 405.362387 349.348612 385.001199 375.822237 337.959120 0
0 367.207076 447.453161 375.822237 303.533179 381.899813 304.026156 0
0 440.561570 405.362387 375.822237 337.959120 381.899813 332.608144 0
0 367.207076 447.453161 381.899813 304.026156 419.836789 313.224641 0
0 379.431373 433.441402 381.899813 332.608144 419.836789 341.024729 0
0 367.207076 447.453161 419.836789 313.224641 428.898850 317.140816 0
0 383.238089 424.734548 419.836789 341.024729 428.898850 345.602420 0
0 374.094167 432.905468 428.898850 317.140816 450.310234 329.968016 0
0 383.238089 424.734548 428.898850 345.602420 450.310234 362.701282 0
0 374.094167 432.905468 450.310234 329.968016 467.457956 345.223025 0
0 379.428152 428.258259 450.310234 362.701282 467.457956 388.600468 0
0 374.094167 432.905468 467.457956 345.223025 470.635692 348.734559 0
0 358.117084 437.858983 467.457956 388.600468 470.635692 396.369340 0
0 369.631550 436.796255 470.635692 348.734559 476.851245 356.418174 0
0 358.117084 437.858983 470.635692 396.369340 476.851245 421.005894 0
0 369.631550 436.796255 476.851245 356.418174 493.394522 385.420914 0
1 476.851245 421.005894 493.394522 421.005894
0 341.846090 448.330298 493.394522 385.420914 503.641933 421.005894 0
1 493.394522 421.005894 503.641933 421.005894
0 379.245043 359.629237 474.375696 424.776943 476.851245 421.005894 1
1 474.375696 424.776943 476.851245 425.961417
1 476.851245 421.005894 500.291210 421.005894
1 476.851245 425.961417 500.291210 437.176721
1 500.291210 421.005894 503.641933 421.005894
0 373.432377 341.958771 500.291210 437.176721 503.641933 432.540740 1
0 341.846090 448.330298 503.641933 421.005894 504.972075 430.598094 0
0 373.432377 341.958771 503.641933 432.540740 504.972075 430.598094 1
0 368.235123 324.075635 526.378182 449.658537 532.784014 441.139527 1
1 526.378182 449.658537 532.784014 452.723531
1 532.784014 441.139527 552.700246 441.139527
1 532.784014 452.723531 552.700246 462.252836
1 552.700246 441.139527 559.312527 441.139527
0 363.646038 306.001910 552.700246 462.252836 559.312527 453.888591 1
0 308.314773 467.699119 559.312527 441.139527 560.263134 452.622383 0
0 363.646038 306.001910 559.312527 453.888591 560.263134 452.622383 1
0 359.664569 287.755274 579.289264 474.974865 587.385682 465.038315 1
1 579.289264 474.974865 587.385682 478.848753
1 587.385682 465.038315 606.165799 465.038315
1 587.385682 478.848753 606.165799 487.834462
1 606.165799 465.038315 613.612242 465.038315
0 356.292453 269.352050 606.165799 487.834462 613.612242 479.013156 1
0 273.482566 484.870949 613.612242 465.038315 614.128096 478.378447 0
0 356.292453 269.352050 613.612242 479.013156 614.128096 478.378447 1
0 353.532252 250.808072 633.345570 500.839149 640.467012 492.633371 1
1 633.345570 500.839149 640.467012 504.246540
1 640.467012 492.633371 660.841951 492.612704
1 640.467012 504.246540 660.841951 513.995323
1 660.841951 492.612704 666.379279 492.607088
0 351.386767 232.138994 660.841951 513.995323 666.379279 507.793160 1
1 666.379279 492.607088 666.394681 492.607072
0 237.439518 499.765052 666.379279 507.793160 666.394681 506.923032 1
0 237.439518 499.765053 666.394681 492.607072 666.454400 499.765052 0
0 237.439518 499.765052 666.394681 506.923032 666.454400 499.765052 1
0 349.858771 213.360413 688.667076 527.308791 691.841965 523.847364 1
1 688.667076 527.308791 691.841965 528.827878
0 218.997567 506.336934 691.841965 523.847364 692.166078 506.336934 1
1 691.841965 528.827878 692.166078 528.982957
1 692.166078 506.336934 716.832374 506.336934
1 692.166078 528.982957 716.832374 540.785022
1 716.832374 506.336934 717.581813 506.336934
0 200.294254 512.315226 716.832374 540.785022 717.581813 518.293519 1
0 200.294254 512.315226 717.581813 506.336934 717.616358 512.315226 0
0 200.294254 512.315226 717.581813 518.293519 717.616358 512.315226 1
}

