30
448.445621 412.370198 431.001791 443.352365 395.522279 456.415988 357.914437 442.610217
357.914437 442.610217 337.078045 405.779359 345.446328 362.000594 381.899813 332.608144
381.899813 332.608144 430.968306 333.809361 469.319245 367.941100 476.851245 421.005894
476.851245 421.005894 447.118984 468.288578 391.729819 485.866386 336.002225 462.652671
336.002225 462.652671 307.402353 406.937198 322.035271 343.723334 375.822237 303.533179
375.822237 303.533179 445.100535 307.680231 496.983862 357.111177 504.972075 430.598094
504.972075 430.598094 462.401627 493.772130 386.946544 515.196853 313.410126 481.964444
313.410126 481.964444 277.678300 407.098117 299.230215 324.652979 370.719309 274.242922
370.719309 274.242922 460.116502 282.015161 525.024592 347.205883 532.784014 441.139527
532.784014 441.139527 476.835989 519.781927 381.175556 544.382410 290.156612 500.528441
290.156612 500.528441 247.931031 406.260956 277.051129 304.804851 366.596415 244.761962
366.596415 244.761962 476.004472 256.836417 553.418107 338.234675 560.263134 452.622383
560.263134 452.622383 490.408813 546.296571 374.420517 573.398153 266.260539 518.327983
266.260539 518.327983 218.185711 404.425121 255.517634 284.194723 363.458387 215.115003
363.458387 215.115003 492.752211 232.166003 582.140871 330.206485 587.385682 465.038315
587.385682 465.038315 503.107320 573.294369 366.685643 602.219260 241.741133 535.346817
241.741133 535.346817 188.467518 401.590583 234.648997 262.838803 361.309503 185.326859
361.309503 185.326859 510.346993 208.025644 611.169147 323.129717 614.128096 478.378447
614.128096 478.378447 514.919224 600.753342 357.975711 630.821008 216.617985 551.569120
216.617985 551.569120 158.801630 397.757875 214.464120 240.753731 360.153486 155.422437
360.153486 155.422437 528.775605 184.436780 640.479013 317.012243 640.467012 492.633371
640.467012 492.633371 525.832725 628.651239 348.296049 659.178780 190.911038 566.979508
190.911038 566.979508 129.213209 392.928097 194.981532 217.956571 359.993498 125.426725
359.993498 125.426725 548.024355 161.420556 670.046370 311.861399 666.379279 507.793160
666.379279 507.793160 535.836529 656.965542 337.652537 687.268080 164.640581 581.563046
164.640581 581.563046 99.727395 387.102910 176.219378 194.464800 360.832145 95.364786
360.832145 95.364786 568.079076 138.997807 699.846953 307.683979 691.841965 523.847364
691.841965 523.847364 544.919840 685.673481 326.051604 715.064540 137.827239 595.305252
137.827239 595.305252 70.369292 380.284540 158.195415 170.296305 362.671467 65.261739
362.671467 65.261739 588.925133 117.189053 729.856347 304.486237 716.832374 540.785022