448.445621086 412.370197963
431.001791032 443.352364816
395.52227937 456.415987874
357.914436611 442.610217283
337.078045427 405.779359262
345.446328441 362.000593644
381.899813267 332.608143572
430.968305907 333.809360816
469.319244942 367.941099736
476.851245024 421.005893651
447.118983608 468.288578423
391.729818538 485.86638628
336.00222523 462.652670803
307.402352848 406.937198393
322.035270676 343.723334217
375.822236548 303.533179069
445.100534774 307.680231206
496.983861944 357.111177028
504.972074618 430.598093656
462.401627112 493.772130165
386.946543821 515.196852934
313.41012578 481.964443595
277.678300103 407.098116525
299.230214909 324.652978595
370.719308916 274.242922447
460.116502245 282.015160757
525.024591957 347.20588335
532.784014107 441.139526776
476.835989301 519.78192701
381.175556309 544.382410075
290.156612088 500.528440683
247.93103068 406.260955502
277.051128764 304.804851485
366.596414773 244.761961867
476.004472385 256.836417262
553.418107323 338.23467517
560.263134002 452.622382614
490.408812607 546.296570864
374.420516642 573.398152676
266.260538906 518.32798337
218.185710975 404.425120973
255.517633965 284.194723408
363.458386699 215.115003376
492.752211378 232.166002947
582.140870902 330.206484989
587.385682393 465.038315152
503.107320483 573.294368591
366.685643404 602.219260188
241.741133102 535.346817191
188.467518436 401.590582788
234.64899701 262.838803374
361.309503045 185.326859295
510.346993172 208.025644049
611.169147117 323.129717014
614.128096187 478.378446555
514.919223539 600.753342159
357.975711273 630.821008262
216.617984701 551.569119677
158.801629706 397.757875167
214.464119998 240.753731361
360.153485767 155.422436558
528.775605335 184.436780494
640.479013078 317.012243042
640.467012259 492.633371195
525.832725479 628.651238911
348.296048942 659.178780421
190.911037769 566.979507941
129.213208759 392.92809662
194.981531615 217.956570612
359.993498493 125.426725009
548.024355124 161.420555712
670.046369789 311.86139858
666.379278528 507.793159908
535.836528827 656.965541948
337.652536801 687.268079694
164.640581138 581.563046082
99.7273950462 387.102909636
176.219378259 194.464799753
360.832144828 95.3647856614
568.07907575 138.997806559
699.846953434 307.683979183
691.841964943 523.847364462
544.919840438 685.67348064
326.051604386 715.064540202
137.827238998 595.305252397
70.3692916453 380.284540127
158.195415349 170.296304734
362.671466891 65.2617389255
588.925132853 117.189053382
729.856346729 304.486237024
716.832374376 540.785022259