0.369666 -0.315592
0.541327 -0.308086
0.663209 -0.302263
0.727817 -0.302329
0.775436 -0.302642
0.758846 -0.309815
0.829722 -0.306494
0.782913 -0.315640
0.876311 -0.308053
0.863856 -0.312721
0.829122 -0.319890
0.938226 -0.310780
0.929504 -0.313677
0.900841 -0.319232
0.977100 -0.312849
0.974705 -0.315688
0.973859 -0.317028
0.952973 -0.321198
1.003858 -0.317350
1.043295 -0.315398
1.033007 -0.317970
1.031628 -0.319260
1.006708 -0.323653
1.038758 -0.321759
1.089571 -0.316897
1.105752 -0.317190
1.101558 -0.318787
1.103226 -0.319625
1.090292 -0.322392
1.091609 -0.323444
1.143818 -0.318619
1.140610 -0.319875
1.156608 -0.319733
1.159541 -0.320028
1.157578 -0.320884
1.160552 -0.321682
1.153057 -0.323435
1.160506 -0.323578
1.192071 -0.320924
1.203106 -0.320519
1.221187 -0.319802
1.224790 -0.320435
1.227222 -0.320859
1.225486 -0.321482
1.224597 -0.321863
1.227686 -0.323101
1.221676 -0.324337
1.235363 -0.323596
1.230785 -0.324699
1.296901 -0.317833
